569.7896728515625
276.9961242675781
137.75392150878906
103.6398696899414
101.4387435913086
86.97494506835938
74.48735809326172
63.93121337890625
60.22563171386719
71.12249755859375
82.76687622070312
68.56481170654297
47.81454849243164
67.55462646484375
50.25328826904297
59.56378936767578
54.02593994140625
47.894248962402344
45.58013153076172
48.112396240234375
42.06721496582031
46.43533706665039
50.063148498535156
44.12424087524414
40.678977966308594
38.95783996582031
33.09384536743164
34.592227935791016
34.082149505615234
36.446136474609375
31.762908935546875
32.276100158691406
34.51000213623047
29.417116165161133
36.13814163208008
32.34546661376953
34.83048629760742
31.64592170715332
25.350494384765625
29.49616241455078
32.61547088623047
27.385883331298828
30.06222915649414
28.338829040527344
24.832332611083984
26.026321411132812
31.47428321838379
30.935367584228516
21.088035583496094
30.169261932373047
33.334747314453125
25.770458221435547
30.819866180419922
26.613086700439453
27.217342376708984
25.42416763305664
25.550251007080078
34.348777770996094
31.002233505249023
34.89025115966797
35.2967414855957
25.27259063720703
25.309524536132812
27.31993865966797
20.979934692382812
31.70603370666504
32.46460723876953
23.400501251220703
21.015235900878906
29.56890869140625
29.126678466796875
27.660449981689453
26.824644088745117
24.13903045654297
23.945148468017578
23.271671295166016
26.69498062133789
22.39019012451172
24.307167053222656
36.994117736816406
20.91614532470703
27.823339462280273
22.44314956665039
23.884952545166016
20.763202667236328
28.629243850708008
27.85932731628418
24.52248764038086
23.30012321472168
30.424362182617188
29.111209869384766
25.0369873046875
19.17181968688965
25.378856658935547
20.926822662353516
24.91077423095703
19.246231079101562
22.3385009765625
21.65057373046875
25.207183837890625
27.804935455322266
22.979825973510742
27.472997665405273
20.922868728637695
23.536476135253906
28.2156982421875
27.125232696533203
22.186485290527344
31.29122543334961
23.899965286254883
23.252214431762695
19.164844512939453
26.76241683959961
22.492050170898438
25.168094635009766
28.27338409423828
23.057729721069336
23.405250549316406
22.895275115966797
17.243831634521484
25.180492401123047
20.54583740234375
25.078689575195312
18.932071685791016
26.2882080078125
24.553394317626953
23.231761932373047
19.21572494506836
25.663314819335938
26.95733070373535
21.22614288330078
24.23310661315918
19.770553588867188
27.8763370513916
26.3620548248291
24.425273895263672
15.130983352661133
20.997970581054688
26.75737953186035
25.061702728271484
21.938642501831055
22.40196990966797
21.955947875976562
24.188068389892578
19.34545135498047
24.767440795898438
20.963729858398438
23.43832015991211
20.59213638305664
24.84575080871582
22.357189178466797
23.321514129638672
18.269012451171875
21.078289031982422
19.76308822631836
20.096710205078125
15.820110321044922
21.601123809814453
25.160961151123047
21.669395446777344
18.99274444580078
22.537551879882812
24.93998908996582
20.12346649169922
15.795401573181152
18.15953254699707
18.564128875732422
21.700054168701172
19.299034118652344
19.214393615722656
19.629459381103516
19.122465133666992
17.704269409179688
18.33409309387207
17.87782096862793
19.430458068847656
19.166526794433594
15.068314552307129
20.172664642333984
16.546222686767578
18.67961883544922
22.640933990478516
17.96247100830078
16.734031677246094
16.267059326171875
19.022048950195312
19.622684478759766
15.875576972961426
16.25232696533203
16.757728576660156
19.547588348388672
17.75419044494629
17.55099105834961
18.084110260009766
17.122587203979492
21.56147575378418
16.761072158813477
22.911720275878906
19.249723434448242
20.787405014038086
21.062435150146484
23.355737686157227
14.594457626342773
19.98190689086914
21.893966674804688
19.26888084411621
17.79383087158203
19.274587631225586
24.665128707885742
23.239700317382812
20.514820098876953
17.560951232910156
24.484535217285156
20.190364837646484
18.54315185546875
18.85236167907715
18.012767791748047
16.27298355102539
16.57433319091797
20.443878173828125
21.230838775634766
16.772380828857422
16.73724365234375
17.829622268676758
19.227659225463867
18.2666015625
16.841812133789062
17.710847854614258
18.301071166992188
20.63031768798828
17.939659118652344
18.60073471069336
20.98407554626465
18.877233505249023
18.36517333984375
18.460590362548828
19.920089721679688
19.799652099609375
19.19408416748047
24.136625289916992
18.04531478881836
22.021015167236328
19.33930778503418
19.818279266357422
16.10855484008789
19.597007751464844
17.773393630981445
17.383413314819336
15.121769905090332
18.691486358642578
17.071054458618164
21.586994171142578
16.396528244018555
19.910377502441406
16.472820281982422
21.193267822265625
17.168060302734375
16.7797794342041
17.463390350341797
19.44573211669922
16.452808380126953
17.061717987060547
24.228012084960938
15.498408317565918
16.020654678344727
16.71217918395996
17.3499698638916
20.383602142333984
21.9378662109375
18.490726470947266
17.29762840270996
16.457107543945312
17.13503646850586
16.821666717529297
10.220073699951172
19.279647827148438
17.47916603088379
21.13616180419922
16.504661560058594
17.511690139770508
17.581043243408203
14.932740211486816
16.266498565673828
17.074657440185547
18.612857818603516
19.49492645263672
15.166727066040039
17.14215660095215
14.571931838989258
17.86872100830078
14.589035034179688
14.740778923034668
17.890087127685547
13.551691055297852
19.02503204345703
16.016252517700195
16.678394317626953
16.136123657226562
13.624476432800293
15.529333114624023
19.328577041625977
18.7235050201416
16.883102416992188
19.0401611328125
15.973573684692383
15.894287109375
14.424650192260742
16.979713439941406
17.87028694152832
20.510570526123047
16.589014053344727
17.01837158203125
16.009151458740234
15.816126823425293
19.11090850830078
21.258907318115234
20.071474075317383
21.859041213989258
18.393653869628906
21.498300552368164
15.956083297729492
14.583231925964355
17.921314239501953
17.973289489746094
19.036388397216797
20.53321075439453
14.827462196350098
17.592975616455078
18.59686851501465
15.88957405090332
15.867103576660156
23.06173324584961
15.507917404174805
15.48586654663086
16.90150260925293
19.27471923828125
16.817251205444336
15.23758316040039
18.399185180664062
15.589202880859375
14.991222381591797
14.40766716003418
14.269065856933594
17.202117919921875
14.917116165161133
15.387968063354492
14.429828643798828
14.56921672821045
16.66246795654297
18.07347869873047
16.894472122192383
18.000158309936523
15.28461742401123
15.7601957321167
19.15311050415039
16.500972747802734
18.37858772277832
15.919563293457031
14.582613945007324
12.698253631591797
20.84233856201172
17.320194244384766
13.487380027770996
17.609169006347656
13.390395164489746
15.980987548828125
13.759519577026367
13.96035385131836
18.196338653564453
14.636821746826172
12.557816505432129
12.917115211486816
15.288139343261719
16.503219604492188
16.696903228759766
15.094071388244629
14.747393608093262
14.736716270446777
12.243185043334961
16.301074981689453
13.517555236816406
15.347772598266602
12.438880920410156
13.71851921081543
12.75450325012207
15.652755737304688
14.304489135742188
11.57961654663086
12.957594871520996
19.16504669189453
14.970998764038086
17.405078887939453
15.271092414855957
14.923158645629883
13.96169376373291
15.703092575073242
15.615503311157227
15.533170700073242
15.997722625732422
15.504169464111328
14.505783081054688
13.709794998168945
18.02465057373047
11.64780044555664
12.676033020019531
14.81494140625
18.901355743408203
17.781269073486328
17.679052352905273
16.587221145629883
15.231857299804688
13.221012115478516
15.370779037475586
13.804315567016602
12.44875717163086
14.31632137298584
14.008905410766602
11.75403881072998
18.061710357666016
15.720688819885254
11.348299026489258
16.921554565429688
13.833894729614258
16.076629638671875
15.692097663879395
13.414056777954102
13.809947967529297
15.68616008758545
17.825571060180664
15.361865997314453
15.395912170410156
16.872108459472656
15.77979564666748
18.667451858520508
14.30500316619873
16.08683204650879
17.32996368408203
13.669904708862305
13.187721252441406
13.437993049621582
13.798095703125
12.580865859985352
14.130473136901855
16.653160095214844
15.11691665649414
13.97331428527832
18.857860565185547
14.871129989624023
15.721417427062988
15.34205436706543
14.242889404296875
15.12152099609375
13.518281936645508
15.295675277709961
16.394193649291992
19.11048126220703
15.003089904785156
12.578174591064453
15.201910018920898
15.706846237182617
15.50827693939209
14.048486709594727
16.17144775390625
16.646202087402344
14.615681648254395
14.779342651367188
12.581331253051758
15.56604290008545
12.250615119934082
14.180822372436523
12.405252456665039
13.149581909179688
13.990684509277344
13.108203887939453
13.733501434326172
15.020858764648438
14.305207252502441
13.537635803222656
13.383832931518555
13.579259872436523
17.284563064575195
15.048999786376953
12.148914337158203
14.107675552368164
12.511336326599121
14.443470001220703
13.697210311889648
17.74774169921875
15.3443021774292
14.030467987060547
16.654451370239258
12.773826599121094
14.251764297485352
15.518460273742676
12.688639640808105
16.607093811035156
14.673057556152344
15.821025848388672
15.669069290161133
17.613298416137695
15.036898612976074
18.926708221435547
17.32868766784668
12.481999397277832
17.35940933227539
14.471370697021484
17.035846710205078
15.098791122436523
14.496195793151855
17.207292556762695
21.906679153442383
16.039905548095703
19.577144622802734
12.44865608215332
20.361427307128906
14.253459930419922
16.234315872192383
18.122760772705078
17.680004119873047
14.999553680419922
15.666887283325195
15.925790786743164
15.1347074508667
18.168224334716797
13.948400497436523
15.792428970336914
14.686929702758789
17.511932373046875
11.796327590942383
10.960171699523926
13.893203735351562
16.35894203186035
11.338907241821289
13.417673110961914
13.528419494628906
13.434220314025879
13.068267822265625
12.131627082824707
17.48162078857422
13.702367782592773
14.696527481079102
11.857017517089844
17.71514892578125
11.67999267578125
13.599116325378418
11.120537757873535
15.712528228759766
11.579120635986328
12.130125999450684
11.69721794128418
11.146028518676758
13.505773544311523
16.95077133178711
12.79289436340332
10.194341659545898
11.87200927734375
12.377646446228027
13.306333541870117
11.514925956726074
13.220455169677734
9.901251792907715
16.126039505004883
11.897193908691406
12.887185096740723
14.644458770751953
13.1146821975708
13.579549789428711
12.973245620727539
13.48038101196289
12.723102569580078
13.429149627685547
13.132223129272461
12.312287330627441
15.688337326049805
13.841581344604492
13.662662506103516
15.560601234436035
14.664505958557129
11.552474975585938
11.708941459655762
12.371637344360352
11.267022132873535
11.310041427612305
13.326704025268555
15.389969825744629
11.402359008789062
12.107577323913574
13.81041145324707
11.716645240783691
11.526803970336914
15.648042678833008
13.675918579101562
11.25218391418457
20.863065719604492
12.201583862304688
16.52129364013672
12.879323959350586
14.149173736572266
14.128713607788086
12.114616394042969
16.540725708007812
12.59771728515625
12.885285377502441
13.07348918914795
14.192275047302246
14.834856986999512
10.99172592163086
14.022601127624512
13.274250030517578
13.27743148803711
13.023061752319336
13.31446647644043
13.65915298461914
15.123769760131836
15.824459075927734
13.34721565246582
12.898143768310547
14.153911590576172
16.79529571533203
11.002256393432617
12.619270324707031
15.285171508789062
10.64823055267334
15.809404373168945
17.18732452392578
12.930047988891602
12.082002639770508
10.45619010925293
15.38771915435791
14.196366310119629
13.903043746948242
11.093936920166016
14.192194938659668
13.270058631896973
9.559755325317383
11.839750289916992
11.61441421508789
11.517030715942383
11.71990966796875
13.395845413208008
11.455709457397461
14.086400985717773
13.375529289245605
18.055068969726562
13.361698150634766
11.276185035705566
16.12201690673828
15.204946517944336
14.996696472167969
16.85687255859375
15.838712692260742
13.716302871704102
14.415043830871582
16.396974563598633
13.941022872924805
13.462892532348633
14.593901634216309
15.088170051574707
14.841377258300781
12.292159080505371
15.684944152832031
16.783782958984375
12.985570907592773
12.003693580627441
13.063034057617188
13.433269500732422
13.171252250671387
14.554656028747559
12.74300765991211
11.565633773803711
15.544137954711914
13.225812911987305
12.561548233032227
13.888776779174805
12.376922607421875
11.549667358398438
14.97836685180664
12.315895080566406
9.894597053527832
12.311544418334961
11.428295135498047
11.496923446655273
13.316854476928711
11.733386993408203
11.789083480834961
10.53040885925293
12.841854095458984
11.51707649230957
10.73265266418457
11.64668083190918
10.976858139038086
11.568312644958496
13.282729148864746
13.095565795898438
14.697278022766113
12.816316604614258
11.27497673034668
15.91736125946045
12.574676513671875
12.390292167663574
8.813007354736328
16.319494247436523
13.46944808959961
12.027475357055664
12.454364776611328
14.827463150024414
12.46194076538086
15.217597007751465
12.831611633300781
13.280826568603516
13.763753890991211
14.762203216552734
14.983501434326172
14.045051574707031
12.378443717956543
13.5003080368042
11.787049293518066
13.41946792602539
11.212779998779297
12.620555877685547
15.049102783203125
11.003437042236328
11.476390838623047
12.513427734375
12.776912689208984
10.611106872558594
14.761812210083008
13.228889465332031
14.96658706665039
12.632973670959473
11.733053207397461
14.808594703674316
14.315607070922852
14.055244445800781
10.532726287841797
10.723434448242188
11.550065994262695
9.418493270874023
10.220009803771973
13.05174732208252
10.800410270690918
13.780067443847656
11.68258285522461
15.199525833129883
15.05047607421875
12.5252685546875
11.81066608428955
13.670303344726562
14.935616493225098
12.182510375976562
11.341086387634277
8.991277694702148
9.959525108337402
11.84951400756836
12.66439437866211
11.480236053466797
10.766876220703125
10.628782272338867
13.706725120544434
12.343473434448242
13.62240982055664
12.366227149963379
10.867877960205078
12.973859786987305
11.531490325927734
12.025005340576172
11.06435775756836
9.669647216796875
12.928224563598633
11.710515975952148
13.27553939819336
8.483266830444336
12.58096694946289
10.630582809448242
13.941420555114746
13.567069053649902
10.458259582519531
11.89552116394043
14.059449195861816
10.419492721557617
15.47624683380127
12.434296607971191
10.984455108642578
12.17466926574707
13.683292388916016
14.687360763549805
13.957321166992188
13.580377578735352
15.361104011535645
10.904401779174805
13.722428321838379
12.497406005859375
14.210180282592773
11.795777320861816
13.126180648803711
13.989797592163086
10.843280792236328
12.174652099609375
14.362212181091309
11.674690246582031
13.838807106018066
14.467395782470703
14.486103057861328
14.727832794189453
11.816282272338867
9.069982528686523
14.73690414428711
10.957440376281738
14.115047454833984
12.346757888793945
12.540448188781738
9.255805969238281
12.64059829711914
13.14200210571289
12.480330467224121
13.276063919067383
11.617125511169434
13.917397499084473
8.820178985595703
9.700897216796875
10.77857780456543
12.571325302124023
18.216751098632812
13.34990406036377
10.732200622558594
13.430522918701172
10.692009925842285
11.416097640991211
11.414480209350586
12.534031867980957
12.211427688598633
12.962875366210938
13.279424667358398
12.296191215515137
11.553365707397461
12.918540000915527
9.65987777709961
10.548933029174805
12.40638542175293
11.731088638305664
13.169794082641602
12.2303466796875
13.16685962677002
15.950364112854004
13.910147666931152
12.016679763793945
11.793752670288086
15.150888442993164
12.66025447845459
11.915592193603516
15.756485939025879
11.621427536010742
11.756378173828125
14.424703598022461
14.438858032226562
11.334522247314453
12.664461135864258
12.609970092773438
12.855504035949707
13.840999603271484
15.14781379699707
15.66949462890625
13.174969673156738
11.884615898132324
15.044942855834961
9.57558822631836
14.253433227539062
12.839716911315918
15.890358924865723
14.282188415527344
12.26457405090332
13.551651000976562
12.870363235473633
16.37784767150879
13.523998260498047
12.977657318115234
13.256601333618164
10.47785472869873
14.68220329284668
12.072668075561523
11.258316040039062
10.266962051391602
10.212870597839355
13.112302780151367
13.86773681640625
10.067340850830078
11.957582473754883
11.167877197265625
11.853557586669922
14.103938102722168
13.919628143310547
12.520378112792969
12.767688751220703
13.014579772949219
11.848333358764648
10.550741195678711
12.450231552124023
16.915266036987305
13.990720748901367
12.588092803955078
12.516206741333008
10.42934513092041
10.207986831665039
10.652064323425293
14.254976272583008
12.332189559936523
11.39847469329834
12.513608932495117
14.376383781433105
10.448850631713867
8.908860206604004
12.109380722045898
12.729574203491211
13.925704002380371
12.267545700073242
10.056468963623047
11.49366569519043
10.655448913574219
12.41382884979248
10.534452438354492
10.097149848937988
11.470966339111328
11.029842376708984
9.615324020385742
13.525392532348633
10.519099235534668
11.785818099975586
9.97378158569336
12.820724487304688
13.201101303100586
12.09658432006836
11.719802856445312
12.04425048828125
13.209504127502441
11.073883056640625
11.062037467956543
9.809164047241211
10.17428970336914
11.10782241821289
15.751893997192383
11.745382308959961
12.53372859954834
12.24571704864502
12.162250518798828
10.274650573730469
13.682154655456543
13.099013328552246
12.377752304077148
13.003874778747559
11.696290016174316
12.469966888427734
12.912235260009766
14.274942398071289
10.322811126708984
11.690523147583008
13.397192001342773
10.222957611083984
10.160213470458984
13.556791305541992
10.248281478881836
10.945670127868652
10.469669342041016
12.494338989257812
14.842348098754883
12.898709297180176
10.482110977172852
12.331201553344727
11.80825424194336
10.878095626831055
13.930331230163574
9.475046157836914
8.842672348022461
9.799467086791992
13.56117057800293
16.711135864257812
14.946577072143555
11.763928413391113
12.187055587768555
9.13885498046875
9.579717636108398
12.548271179199219
14.666402816772461
12.582212448120117
11.091707229614258
12.191055297851562
13.653032302856445
10.97688102722168
13.396608352661133
10.059077262878418
13.362659454345703
9.923589706420898
11.482431411743164
10.832013130187988
10.07185173034668
12.906492233276367
13.340018272399902
11.325328826904297
13.483680725097656
11.50204849243164
9.324517250061035
10.869068145751953
10.237476348876953
11.624558448791504
10.826909065246582
14.268531799316406
10.317440032958984
11.13530158996582
9.96650505065918
10.353923797607422
10.901603698730469
13.082990646362305
10.89596939086914
8.823960304260254
14.205318450927734
9.410773277282715
10.904733657836914
9.803871154785156
11.083183288574219
10.334538459777832
11.099937438964844
9.07756233215332
12.243753433227539
13.030139923095703
12.996456146240234
12.919260025024414
11.85262680053711
12.496755599975586
11.053098678588867
11.640239715576172
11.596063613891602
8.514886856079102
10.843944549560547
10.171056747436523
11.386880874633789
12.650437355041504
10.83677864074707
13.699444770812988
11.060272216796875
12.13120174407959
9.439254760742188
8.796558380126953
11.504251480102539
11.398786544799805
12.049209594726562
10.411697387695312
10.347891807556152
11.885076522827148
12.337394714355469
10.917030334472656
11.632612228393555
13.430143356323242
12.129281044006348
12.721854209899902
10.54263687133789
11.990845680236816
9.32133960723877
11.885334014892578
12.749377250671387
10.447175979614258
10.439594268798828
11.448469161987305
12.425518989562988
10.927268981933594
8.64074993133545
11.657938003540039
11.136537551879883
11.347187995910645
12.211774826049805
14.018383026123047
11.196012496948242
10.593748092651367
10.382802963256836
8.961366653442383
11.745133399963379
11.310961723327637
11.570480346679688
9.470791816711426
9.498592376708984
11.016176223754883
12.337125778198242
11.133028984069824
11.533270835876465
13.586146354675293
10.564258575439453
11.030187606811523
11.519670486450195
10.832321166992188
13.162109375
13.78754997253418
10.726913452148438
13.411077499389648
10.578709602355957
9.721782684326172
11.545791625976562
10.861551284790039
11.507345199584961
12.851377487182617
12.922628402709961
13.730838775634766
12.562032699584961
12.299715042114258
15.232382774353027
15.352283477783203
15.735366821289062
12.052311897277832
15.895853042602539
12.418224334716797
9.331344604492188
11.990377426147461
11.519410133361816
13.381441116333008
14.810174942016602
14.764092445373535
11.104961395263672
13.565485000610352
11.866796493530273
10.752671241760254
13.099349975585938
9.71391487121582
13.512334823608398
13.125484466552734
11.66076374053955
12.094812393188477
10.83743667602539
13.200896263122559
12.299751281738281
13.95885181427002
11.896072387695312
8.710258483886719
11.28278923034668
11.760345458984375
13.727058410644531
12.746935844421387
12.80826187133789
9.597105979919434
10.916534423828125
12.72348690032959
12.816069602966309
8.689167022705078
9.734423637390137
11.606240272521973
11.476771354675293
12.137510299682617
9.150728225708008
11.987131118774414
11.590360641479492
12.607009887695312
13.767778396606445
11.447755813598633
10.837270736694336
13.193367004394531
14.98684310913086
9.524911880493164
11.447887420654297
11.56257438659668
12.666118621826172
12.061585426330566
11.354103088378906
11.331877708435059
13.072427749633789
10.631406784057617
12.881426811218262
12.58806037902832
8.557401657104492
11.933786392211914
8.556577682495117
10.574108123779297
8.542074203491211
10.538617134094238
10.482876777648926
12.991662979125977
10.434523582458496
10.74596118927002
11.826522827148438
9.143793106079102
13.365100860595703
11.276012420654297
12.866451263427734
9.129475593566895
13.740030288696289
12.390951156616211
13.000640869140625
11.90859603881836
13.408113479614258
10.423023223876953
12.229532241821289
11.946252822875977
9.399011611938477
10.368268966674805
9.345508575439453
13.125960350036621
13.51131820678711
12.043418884277344
11.635061264038086
11.259679794311523
10.510053634643555
8.488993644714355
13.713285446166992
10.406270980834961
12.246625900268555
11.096986770629883
13.140947341918945
12.364093780517578
9.702409744262695
9.24925422668457
10.21147632598877
12.397716522216797
9.688005447387695
11.002859115600586
10.042192459106445
11.718381881713867
11.002750396728516
9.814932823181152
11.438793182373047
10.237512588500977
12.038168907165527
10.695919036865234
10.736775398254395
13.449544906616211
11.463382720947266
12.999107360839844
13.30352783203125
10.249565124511719
12.108946800231934
12.810900688171387
10.177845001220703
11.332442283630371
11.767282485961914
13.151361465454102
10.863784790039062
11.115578651428223
10.783879280090332
11.268232345581055
10.817049026489258
11.443236351013184
11.062885284423828
13.192792892456055
9.467857360839844
10.174564361572266
24.323436737060547
8.075298309326172
11.451828002929688
10.157230377197266
12.295641899108887
9.613065719604492
12.036190032958984
13.59811782836914
11.457762718200684
10.310855865478516
9.896682739257812
10.85389518737793
14.273900985717773
11.927265167236328
12.92947006225586
11.22769546508789
11.892454147338867
14.440838813781738
10.701061248779297
12.965203285217285
7.1538896560668945
10.025646209716797
11.268299102783203
13.26801586151123
10.702632904052734
9.996379852294922
11.122918128967285
11.394967079162598
14.353334426879883
10.78456974029541
9.507365226745605
13.804868698120117
11.587066650390625
10.679252624511719
10.01315689086914
14.197786331176758
10.659810066223145
12.287012100219727
10.481208801269531
9.892173767089844
13.10845947265625
11.902645111083984
13.982934951782227
9.572657585144043
10.19247817993164
12.13720989227295
11.45844841003418
11.782783508300781
12.245216369628906
10.883264541625977
10.14242172241211
12.2759370803833
10.517022132873535
12.78929328918457
14.161776542663574
12.709307670593262
11.50151252746582
8.686022758483887
10.306558609008789
12.588090896606445
11.874024391174316
11.561958312988281
12.165112495422363
11.646313667297363
10.614109992980957
9.650130271911621
11.362754821777344
11.580652236938477
9.828063011169434
12.468621253967285
12.078531265258789
12.404304504394531
9.909500122070312
12.575398445129395
10.76526165008545
11.27238655090332
10.118188858032227
10.623226165771484
13.268646240234375
13.002972602844238
12.121403694152832
9.973007202148438
8.56241226196289
10.303510665893555
12.262104988098145
9.127851486206055
12.781485557556152
12.311744689941406
11.648809432983398
12.659500122070312
11.871637344360352
9.882950782775879
11.06603717803955
12.188102722167969
7.270380973815918
9.084246635437012
11.600028038024902
10.402076721191406
10.893396377563477
11.769139289855957
11.060970306396484
12.658437728881836
11.061420440673828
9.78945541381836
8.683083534240723
10.064111709594727
12.56863021850586
11.727676391601562
13.922098159790039
8.586910247802734
11.324089050292969
10.82889175415039
10.074777603149414
9.270209312438965
12.858135223388672
11.661654472351074
10.697860717773438
11.901239395141602
9.963748931884766
9.740814208984375
10.899370193481445
11.390419006347656
9.328165054321289
10.149953842163086
12.657991409301758
11.209134101867676
11.778369903564453
10.649141311645508
13.78586196899414
10.470138549804688
9.211151123046875
9.256234169006348
11.388040542602539
10.933856964111328
10.882953643798828
10.306506156921387
12.787559509277344
11.236024856567383
11.89671516418457
11.002172470092773
14.098949432373047
12.647258758544922
11.268922805786133
10.853869438171387
11.735225677490234
12.593605041503906
11.241121292114258
13.253377914428711
13.442411422729492
12.618654251098633
12.526248931884766
9.272897720336914
13.180399894714355
12.976055145263672
12.59709358215332
12.057403564453125
11.025484085083008
11.424988746643066
11.906761169433594
10.638957977294922
12.252157211303711
11.688323020935059
11.6043062210083
9.457565307617188
11.158319473266602
10.970916748046875
12.514337539672852
10.626402854919434
9.695613861083984
9.90397834777832
10.221532821655273
12.112955093383789
10.799348831176758
10.197123527526855
11.545368194580078
8.900175094604492
9.31988525390625
8.753742218017578
12.59658432006836
11.715044021606445
9.202829360961914
8.960441589355469
9.333135604858398
10.096353530883789
9.414115905761719
9.656045913696289
8.96458625793457
10.559528350830078
10.561203002929688
9.099250793457031
8.554763793945312
9.78107738494873
11.166365623474121
10.62664794921875
11.960777282714844
11.488301277160645
10.331966400146484
11.747869491577148
10.862312316894531
9.394505500793457
12.874889373779297
10.801252365112305
10.066011428833008
14.473797798156738
9.349869728088379
10.651496887207031
12.247445106506348
10.128656387329102
9.483877182006836
8.681374549865723
9.092599868774414
10.176517486572266
10.275540351867676
9.957904815673828
10.642452239990234
10.272198677062988
11.511238098144531
12.323671340942383
11.303879737854004
7.742229461669922
10.444320678710938
10.00499153137207
10.130218505859375
11.365140914916992
8.639787673950195
8.6611328125
11.359476089477539
10.931754112243652
8.536530494689941
9.615992546081543
10.022418975830078
10.028915405273438
11.03012752532959
9.330033302307129
9.390926361083984
9.326277732849121
11.62055492401123
9.889360427856445
11.131208419799805
8.717525482177734
10.565481185913086
10.969226837158203
9.786617279052734
9.138973236083984
10.174863815307617
11.470671653747559
10.181483268737793
9.511597633361816
10.424561500549316
10.64962100982666
9.770381927490234
7.052386283874512
11.904067039489746
10.780807495117188
11.567682266235352
10.687724113464355
9.332822799682617
7.547226905822754
10.95254135131836
11.134925842285156
10.721242904663086
10.599385261535645
11.163124084472656
10.47179889678955
10.364696502685547
9.86865520477295
9.577668190002441
7.668403625488281
9.82895565032959
11.042442321777344
9.078161239624023
9.1077299118042
10.435161590576172
11.600130081176758
11.295366287231445
8.292926788330078
8.991378784179688
12.448141098022461
8.59804916381836
10.472274780273438
10.955083847045898
11.17076301574707
9.683378219604492
8.26262378692627
13.18088150024414
10.90483283996582
9.57356071472168
7.945181846618652
9.949286460876465
11.48408031463623
10.654081344604492
8.817673683166504
12.060797691345215
8.773073196411133
8.70934772491455
10.973329544067383
9.165841102600098
9.425820350646973
10.334351539611816
9.677225112915039
9.830416679382324
11.697348594665527
12.289412498474121
9.222343444824219
10.454142570495605
9.229877471923828
10.736194610595703
10.492347717285156
13.33775806427002
9.69021987915039
9.523702621459961
11.573097229003906
11.380170822143555
10.705078125
9.794706344604492
9.765020370483398
10.386150360107422
10.41448974609375
8.244485855102539
10.999262809753418
10.478222846984863
11.764288902282715
10.919361114501953
10.377720832824707
8.432188987731934
16.67449378967285
11.384973526000977
11.916217803955078
10.664571762084961
10.792509078979492
10.672914505004883
11.045511245727539
11.132821083068848
11.404340744018555
11.036036491394043
13.396891593933105
10.447370529174805
9.692152976989746
11.02519416809082
9.340773582458496
10.399930000305176
12.082042694091797
10.383478164672852
12.348127365112305
11.115379333496094
12.700830459594727
10.709646224975586
12.59791088104248
9.119894027709961
10.709486961364746
9.61105728149414
13.347780227661133
12.155776023864746
10.322408676147461
15.01213264465332
10.323286056518555
10.656074523925781
12.263659477233887
9.976421356201172
8.790674209594727
13.134757995605469
8.908252716064453
8.27866268157959
9.833969116210938
10.684015274047852
11.12528133392334
10.237556457519531
11.765214920043945
13.057998657226562
8.887760162353516
11.233492851257324
9.427205085754395
11.451282501220703
11.524852752685547
10.605518341064453
12.109224319458008
11.099273681640625
11.962594032287598
10.585346221923828
10.591562271118164
11.880644798278809
11.9558687210083
10.083760261535645
10.998790740966797
9.529261589050293
11.509084701538086
8.504045486450195
7.675224781036377
10.132701873779297
8.919677734375
12.094010353088379
11.711260795593262
14.897717475891113
10.684986114501953
13.512226104736328
12.862499237060547
10.607095718383789
11.134237289428711
13.424389839172363
10.823564529418945
15.36563491821289
10.501386642456055
13.035642623901367
10.559931755065918
13.70776081085205
13.35718822479248
13.210540771484375
9.76702880859375
12.288904190063477
8.771846771240234
10.300094604492188
10.584174156188965
8.976790428161621
10.24853801727295
10.282245635986328
11.653748512268066
11.045594215393066
10.345281600952148
11.053595542907715
9.414945602416992
11.001053810119629
10.193227767944336
10.927719116210938
9.218578338623047
10.310428619384766
11.120681762695312
9.567171096801758
11.95952033996582
10.491823196411133
9.851696014404297
10.466504096984863
9.902969360351562
8.928289413452148
9.967397689819336
8.833683967590332
9.893972396850586
11.690956115722656
8.533719062805176
10.020187377929688
9.894119262695312
9.875543594360352
9.822400093078613
9.35459041595459
9.509698867797852
7.4147820472717285
7.827530860900879
9.122896194458008
8.848809242248535
9.17249870300293
9.224796295166016
12.656702041625977
9.814545631408691
11.167891502380371
10.098060607910156
10.221598625183105
10.563941955566406
8.590145111083984
9.922868728637695
9.107549667358398
11.669179916381836
10.622374534606934
10.325583457946777
9.304737091064453
9.772037506103516
10.409323692321777
8.705339431762695
12.129104614257812
9.075729370117188
9.287178039550781
8.887739181518555
9.757373809814453
11.414234161376953
8.892303466796875
10.981510162353516
11.890419006347656
10.67255973815918
10.587615966796875
10.258180618286133
8.14584732055664
9.024837493896484
10.914478302001953
9.838748931884766
10.166847229003906
9.692806243896484
9.270841598510742
9.662555694580078
10.267099380493164
14.054594993591309
7.891576290130615
11.7239351272583
9.415749549865723
11.107839584350586
9.683652877807617
7.429234981536865
10.11054515838623
9.030597686767578
8.781757354736328
12.802783012390137
7.976145267486572
9.513916015625
9.091976165771484
9.826345443725586
9.557340621948242
9.336220741271973
8.005131721496582
9.944711685180664
9.8635835647583
9.4857177734375
8.945257186889648
10.576366424560547
8.33171272277832
8.336609840393066
10.854340553283691
7.975452423095703
8.51225471496582
9.435537338256836
12.329216003417969
9.797213554382324
9.821907997131348
10.038302421569824
8.393413543701172
9.529426574707031
9.936145782470703
12.3715181350708
8.906794548034668
13.411087036132812
8.87155818939209
10.339654922485352
11.678339004516602
8.599101066589355
9.693975448608398
8.399798393249512
8.352334022521973
9.989250183105469
9.230051040649414
10.029439926147461
10.997481346130371
9.102972030639648
13.377711296081543
9.956855773925781
9.169456481933594
13.918331146240234
8.88679027557373
9.41995620727539
9.240774154663086
9.998041152954102
8.843679428100586
9.749775886535645
7.8458452224731445
8.901762008666992
11.224491119384766
8.7722806930542
8.956281661987305
8.40467643737793
7.337416648864746
8.132614135742188
9.850157737731934
8.678084373474121
9.6300048828125
11.001450538635254
7.507040977478027
7.600399017333984
9.288969993591309
7.75141716003418
9.965660095214844
8.509841918945312
8.250688552856445
7.202606678009033
8.264152526855469
7.694324970245361
7.098433971405029
8.207837104797363
6.635628700256348
7.358437538146973
7.367061614990234
6.803155422210693
8.01705551147461
6.95003604888916
5.020388603210449
7.380210876464844
8.4178466796875
7.539610862731934
6.904559135437012
7.625126838684082
7.274557113647461
6.647513389587402
6.668185710906982
7.490479469299316
8.641201972961426
6.903319358825684
5.745705604553223
5.579429626464844
6.842091083526611
5.749172210693359
6.244805812835693
6.932852745056152
7.538036823272705
6.914933681488037
5.807044506072998
6.373332977294922
5.5521955490112305
6.978882789611816
8.466428756713867
6.267901420593262
7.557011604309082
6.229545593261719
6.455774307250977
6.013367652893066
6.528916358947754
5.629434585571289
5.7406415939331055
5.1082763671875
7.542263984680176
6.297352313995361
4.852179527282715
6.766641616821289
6.593020915985107
4.813650131225586
6.263088226318359
6.167191505432129
6.298931121826172
5.9400434494018555
6.1375885009765625
6.306903839111328
6.076778411865234
5.067711353302002
6.784975051879883
5.745913505554199
5.962418556213379
6.340140342712402
7.429842948913574
5.192349433898926
6.806103706359863
7.229663372039795
6.898903846740723
6.127114295959473
7.243283271789551
6.796506404876709
5.533585548400879
6.024998664855957
7.844141006469727
8.404460906982422
7.674942970275879
7.032322406768799
6.735513210296631
6.288332939147949
6.548069477081299
5.274369239807129
6.361547946929932
6.606339454650879
6.231027603149414
6.3485636711120605
7.1837687492370605
6.886340141296387
5.456545352935791
5.308741569519043
6.465017795562744
5.469501495361328
6.230762958526611
5.8390092849731445
6.637711048126221
5.725212574005127
6.514898300170898
5.708942413330078
6.011143684387207
4.433514595031738
5.653679847717285
5.120053291320801
5.213326930999756
6.337841987609863
5.855752944946289
4.515200138092041
6.8646345138549805
5.815338611602783
6.399912357330322
6.920588970184326
5.897563457489014
5.828542709350586
5.308291435241699
6.164860248565674
6.028739929199219
5.430440902709961
6.780721187591553
5.431089401245117
5.4882121086120605
5.481860160827637
6.743740081787109
6.983628273010254
7.320387840270996
6.739572048187256
6.330484390258789
5.982671737670898
6.815471649169922
5.158886909484863
6.013319492340088
5.870594501495361
6.416322708129883
7.611048221588135
5.545056343078613
6.14286994934082
4.988222122192383
6.548843860626221
6.102992534637451
7.251324653625488
5.616907119750977
5.071503639221191
5.525768280029297
7.207341194152832
7.67324161529541
5.634437561035156
6.215327262878418
5.666985988616943
6.528893947601318
5.17064094543457
6.249833106994629
5.930252552032471
7.7286577224731445
7.10986328125
6.879905700683594
5.825756549835205
6.373050689697266
6.55764102935791
5.809170722961426
7.080633163452148
4.713403701782227
6.71562385559082
8.081323623657227
6.076623916625977
7.373899459838867
6.636987686157227
6.825666904449463
4.87571907043457
5.845965385437012
5.406757354736328
7.048370838165283
5.7376251220703125
5.79683256149292
5.819997310638428
5.5441131591796875
6.8168559074401855
7.565907955169678
5.811248302459717
5.873353958129883
4.662976264953613
5.163417816162109
4.614626884460449
6.839287757873535
5.707469940185547
6.172416687011719
5.796054840087891
4.88913631439209
5.309412002563477
6.052988052368164
4.739021301269531
6.563139915466309
5.767210483551025
6.979095458984375
5.576437950134277
5.121125221252441
5.3236589431762695
4.4661946296691895
5.646010875701904
7.563607215881348
5.877172470092773
6.229979991912842
6.4557881355285645
6.967177867889404
5.611123085021973
7.369078636169434
5.346094131469727
6.137563705444336
5.318019390106201
6.046639442443848
4.885368824005127
5.226909160614014
7.265600204467773
5.930228233337402
6.054305076599121
5.950160026550293
6.525891304016113
7.102520942687988
6.179281234741211
5.623075485229492
6.465119361877441
5.4345479011535645
4.8064985275268555
5.944571495056152
4.958189010620117
6.209384918212891
6.433847427368164
5.687711715698242
5.608355522155762
7.232895851135254
8.257761001586914
5.032362937927246
5.538067817687988
5.499469757080078
6.471992015838623
6.313983917236328
5.651545524597168
5.650945663452148
6.255054473876953
5.1470255851745605
5.330395221710205
5.303271293640137
5.772712230682373
5.692742347717285
4.772848129272461
5.748758316040039
6.065900802612305
6.185427188873291
6.295458793640137
5.2123494148254395
4.229840278625488
5.396112442016602
6.729681968688965
4.965653419494629
6.459514617919922
5.455432891845703
7.494332313537598
5.380918979644775
5.312986373901367
4.880759239196777
6.921730995178223
6.047901630401611
7.066561698913574
5.799646377563477
5.470968246459961
6.777671813964844
5.9970502853393555
5.184412956237793
4.963626861572266
5.248654842376709
6.482214450836182
5.510087013244629
4.912631034851074
5.8786940574646
6.007575035095215
6.197281837463379
6.599067687988281
5.157806873321533
4.2093706130981445
5.7228593826293945
6.549735069274902
5.534916877746582
6.355289459228516
5.557557106018066
5.641934871673584
5.130671501159668
5.9823713302612305
5.097753524780273
5.682321548461914
7.691291332244873
6.120890140533447
6.499087810516357
6.5100178718566895
5.875217437744141
5.757473945617676
6.868025302886963
6.81156063079834
6.6667609214782715
6.143758296966553
5.573351860046387
5.742848873138428
6.143760681152344
6.229308128356934
5.680212020874023
6.600175857543945
4.587454795837402
4.388668060302734
6.015697479248047
4.716849327087402
5.228326797485352
4.9052734375
5.803887844085693
5.017961502075195
4.899249076843262
5.484986305236816
6.43300724029541
4.971017360687256
5.3758087158203125
5.585031509399414
5.980806350708008
4.790236949920654
4.5974202156066895
6.557057857513428
4.829916477203369
5.318026065826416
5.394781589508057
4.427248001098633
7.083374977111816
4.4328413009643555
5.393494606018066
5.550454139709473
5.362353324890137
6.111527919769287
5.921855449676514
6.01624870300293
5.642340183258057
4.14384126663208
4.4415998458862305
4.4123406410217285
4.884312152862549
5.541589736938477
6.244716644287109
5.10268497467041
4.839415550231934
5.941290378570557
5.499932289123535
5.28098201751709
4.924171447753906
4.730035781860352
5.8046112060546875
5.584449768066406
5.157521724700928
4.599617958068848
5.3573455810546875
5.298270225524902
6.612961769104004
5.3380327224731445
4.724472522735596
6.13226318359375
5.369161605834961
3.9926650524139404
5.149596214294434
5.88533878326416
4.988612174987793
5.785077095031738
6.178208827972412
5.363558292388916
5.452810764312744
5.776366233825684
5.228979110717773
5.336913108825684
4.66115665435791
4.826056480407715
5.666296005249023
5.325162410736084
5.486676216125488
5.076440811157227
6.495979309082031
5.184178829193115
6.157238960266113
5.6209187507629395
5.983588695526123
5.511775970458984
5.267495632171631
6.54207706451416
5.751302242279053
4.373004913330078
6.7585039138793945
5.465536594390869
4.853311061859131
5.855288505554199
5.656571865081787
5.106212615966797
5.363192558288574
5.864535331726074
5.9554524421691895
5.188911437988281
6.635114669799805
5.64506721496582
6.36292839050293
5.164836883544922
6.824757099151611
5.506182670593262
5.323844909667969
4.509420871734619
5.611741542816162
4.7467360496521
5.371677398681641
6.123525619506836
5.262044906616211
6.007075786590576
5.83129358291626
5.309336185455322
6.910914421081543
4.851043701171875
5.7858405113220215
5.397817611694336
6.992341995239258
5.174171447753906
6.1399006843566895
4.681638717651367
6.588042259216309
4.981106758117676
5.553884983062744
5.009878158569336
6.922661304473877
6.346552848815918
5.011844158172607
4.488601207733154
5.398462295532227
4.715991020202637
5.3781046867370605
4.282196998596191
4.973053932189941
5.0902299880981445
5.4105353355407715
4.884800434112549
5.816795349121094
4.494189262390137
5.358493328094482
6.3481831550598145
4.291043758392334
4.9126482009887695
5.587716579437256
4.701996803283691
5.049307346343994
4.463494300842285
5.363646507263184
4.285730838775635
3.932654619216919
4.255242824554443
4.4006571769714355
5.018531322479248
4.53033447265625
5.096076011657715
4.6365742683410645
4.682021141052246
5.036988735198975
5.6210808753967285
5.669528961181641
5.359373092651367
5.004811763763428
5.259947299957275
5.961828708648682
4.7318878173828125
4.229608058929443
5.594212532043457
5.781508445739746
4.756255626678467
5.520096302032471
5.209140300750732
5.444766044616699
5.407928943634033
5.580875396728516
5.919043064117432
5.671926498413086
6.293339729309082
6.293808937072754
4.724360466003418
6.126601219177246
5.252045154571533
6.438189506530762
5.488789081573486
5.172578811645508
5.236851692199707
5.3578972816467285
4.493739128112793
5.209475517272949
4.988141059875488
4.299964904785156
5.24164342880249
5.319519996643066
5.5199432373046875
4.011470317840576
4.673564910888672
6.5111470222473145
5.3943376541137695
5.255039215087891
4.757704734802246
5.122483253479004
5.997303009033203
4.192778587341309
6.867728233337402
6.8603105545043945
4.407179832458496
4.25333833694458
6.130093097686768
5.579771995544434
5.527408123016357
5.804185390472412
5.294641017913818
5.283572196960449
4.972308158874512
5.857766151428223
4.8566575050354
5.0451860427856445
4.753129959106445
5.858271598815918
4.864899635314941
5.108732223510742
5.865962982177734
5.285333633422852
5.336629390716553
6.1509504318237305
4.211215019226074
4.916816711425781
4.279782772064209
4.919825077056885
4.729578971862793
5.102065563201904
4.912140846252441
5.206388473510742
4.652572154998779
4.523348808288574
5.667225360870361
5.579963684082031
5.125047206878662
4.102166175842285
4.598003387451172
4.884530067443848
5.319084167480469
5.002992630004883
5.250930309295654
5.607545852661133
5.693800926208496
4.93031644821167
4.811463356018066
4.794633388519287
4.679340362548828
4.5981316566467285
4.776721000671387
4.775269508361816
5.558943271636963
5.955572128295898
5.34385871887207
4.616733074188232
4.781687259674072
4.794414520263672
5.861923694610596
4.579935073852539
5.367238998413086
5.378870964050293
4.934776306152344
5.084600925445557
4.591622829437256
5.29578161239624
4.993528366088867
5.013689994812012
4.832028388977051
4.895769119262695
4.566814422607422
4.318459510803223
6.100940704345703
7.4781670570373535
6.357386589050293
5.178380966186523
5.177830696105957
4.893698215484619
6.059487342834473
5.029412269592285
5.2372517585754395
4.895923614501953
4.498757839202881
5.5750813484191895
4.371804237365723
4.557577610015869
4.482515335083008
4.859414577484131
5.204463481903076
5.5756754875183105
6.399229049682617
5.489568710327148
5.056581974029541
4.703030109405518
5.987671852111816
5.30214786529541
4.418770790100098
5.8565545082092285
5.4827117919921875
5.65067720413208
6.160340309143066
5.776395797729492
4.36625862121582
4.151333808898926
4.897948265075684
4.307012557983398
4.708277225494385
4.374798774719238
4.506053924560547
4.735711574554443
5.092685699462891
4.94001579284668
4.595848560333252
4.46270751953125
5.29481315612793
4.5982561111450195
5.440669059753418
6.045154571533203
4.511507987976074
3.742448568344116
4.32283878326416
5.552345275878906
4.053488731384277
3.965517520904541
5.104650020599365
3.7694811820983887
5.608428478240967
5.872725009918213
5.428476333618164
4.512402057647705
4.201817035675049
5.740359306335449
6.002488136291504
4.009530067443848
5.517625331878662
4.872958183288574
4.332611083984375
6.496991157531738
4.239239692687988
5.11186408996582
5.276050090789795
5.011161804199219
4.386742115020752
5.047935962677002
5.263637542724609
5.396632671356201
4.653003215789795
4.018685340881348
6.729705333709717
5.557498931884766
5.959566593170166
5.508523941040039
4.680905342102051
5.417998313903809
5.027040958404541
4.072015285491943
4.428197383880615
3.8355553150177
7.833646774291992
4.682976245880127
4.487439155578613
4.989297866821289
4.756418704986572
4.660261154174805
4.753460884094238
5.781208038330078
5.2131805419921875
4.676657676696777
6.016767501831055
4.843125343322754
4.6956281661987305
5.013708114624023
5.141505718231201
3.8730521202087402
4.7303667068481445
5.142445087432861
4.917309761047363
5.1111650466918945
5.417181968688965
4.566007137298584
4.725029945373535
5.8319783210754395
4.205075263977051
6.922714710235596
5.028776168823242
5.319948673248291
5.127649784088135
5.601553440093994
4.607490539550781
4.6143479347229
4.353837013244629
4.487545013427734
4.649534225463867
5.87130069732666
4.86456298828125
4.464081287384033
5.711063385009766
5.155458450317383
5.111705780029297
5.183351039886475
4.023279190063477
5.00455904006958
5.913392543792725
4.4621782302856445
5.06002140045166
5.029457092285156
4.985202789306641
5.28493070602417
6.203273773193359
4.241382598876953
4.714905261993408
4.7771897315979
5.591724872589111
4.761578559875488
5.389543533325195
5.079235553741455
4.722982406616211
5.4435858726501465
6.918720722198486
5.921226501464844
5.9256086349487305
6.171483039855957
8.43114185333252
5.772168159484863
6.279447555541992
6.284672737121582
4.752591609954834
5.822868347167969
6.842309951782227
5.3953166007995605
5.046943664550781
5.3302001953125
4.841437816619873
5.352473258972168
5.154669761657715
8.160340309143066
3.980435848236084
4.442727565765381
5.556480884552002
6.409350395202637
6.731725692749023
7.13797664642334
6.9843220710754395
5.876092910766602
5.63764762878418
5.251330375671387
7.071160316467285
4.463234901428223
6.4041218757629395
7.292150497436523
4.516152381896973
6.052760124206543
5.333449363708496
4.801034927368164
5.454611301422119
5.364990234375
5.576071739196777
6.487426280975342
5.527907848358154
4.583399772644043
5.859406471252441
4.426532745361328
5.878454208374023
4.543557167053223
5.259979248046875
5.155306339263916
5.767239093780518
5.450231552124023
6.998462677001953
5.754111289978027
5.006036281585693
5.273621559143066
5.904760360717773
4.993642330169678
5.889523506164551
5.950551986694336
5.418327331542969
3.803898811340332
5.05681037902832
4.484714508056641
4.871170520782471
4.235344886779785
4.128059387207031
4.150386810302734
5.890733242034912
4.406108856201172
4.862833023071289
4.951791286468506
4.154748916625977
4.515237808227539
4.2381272315979
4.403634071350098
4.496501922607422
4.261609077453613
4.414534091949463
4.471027851104736
4.325412750244141
4.252222061157227
4.771511077880859
5.245607852935791
4.264035224914551
5.084197998046875
5.654442310333252
4.530420303344727
4.236063480377197
3.878628730773926
4.365016937255859
4.329130172729492
4.727729797363281
4.485404968261719
5.321940898895264
4.805800914764404
5.808407783508301
4.439755439758301
4.7690019607543945
4.658456325531006
3.585620403289795
4.7414093017578125
4.238763809204102
4.798454284667969
3.609419822692871
3.961132764816284
5.140932083129883
4.5813093185424805
5.110901832580566
5.549663543701172
4.0680694580078125
4.259378910064697
5.225277423858643
4.388233184814453
5.0572357177734375
5.891777992248535
4.124366760253906
4.289370536804199
3.8609132766723633
5.126472473144531
4.7861247062683105
6.009316444396973
5.638117790222168
4.805871963500977
4.323431491851807
5.3048858642578125
3.9903812408447266
5.65583610534668
4.692227363586426
5.5829973220825195
4.6643218994140625
4.571497440338135
4.185690879821777
4.709679126739502
5.0903496742248535
4.02607536315918
4.7393269538879395
4.136869430541992
4.725728511810303
4.437192440032959
5.088283538818359
4.091587066650391
3.6108925342559814
4.369446754455566
5.006008625030518
4.417018890380859
4.359638214111328
4.509552478790283
4.357771873474121
4.4576616287231445
4.60166597366333
3.8388278484344482
4.23314905166626
5.803749084472656
3.771238327026367
5.500246047973633
4.879465579986572
4.722548484802246
4.281589031219482
4.755289077758789
7.1796555519104
5.504086017608643
6.948565483093262
5.289559364318848
4.923240661621094
6.00191593170166
4.941234588623047
5.404345512390137
4.739192962646484
5.433596134185791
5.033931732177734
4.5281901359558105
4.818197727203369
4.603099822998047
5.306288242340088
5.527693271636963
3.766345977783203
5.424595832824707
4.397300720214844
5.252039432525635
6.4062395095825195
4.855083465576172
5.443825721740723
5.088967323303223
4.144251823425293
4.701359272003174
4.0122833251953125
4.931783199310303
4.666293144226074
4.536218166351318
4.600564956665039
6.051235198974609
6.975707530975342
5.021126747131348
4.273723602294922
4.324496746063232
4.126613616943359
5.008415699005127
5.360452651977539
5.887454509735107
4.954061031341553
4.770115375518799
4.594578266143799
4.858636856079102
5.537019729614258
5.648959636688232
5.33753776550293
4.349749565124512
5.011247634887695
4.561826705932617
3.7598297595977783
4.062496662139893
5.1441144943237305
3.7273612022399902
4.325679779052734
4.446234703063965
4.792952537536621
5.072776794433594
6.460970878601074
5.13023567199707
4.7898406982421875
4.440081596374512
4.4616217613220215
4.774802207946777
5.455506324768066
4.314742565155029
5.203212738037109
4.933137893676758
7.039440155029297
4.772983551025391
5.034418106079102
4.37338924407959
4.871013641357422
5.961270332336426
4.673480033874512
4.322781562805176
4.187375545501709
5.9619245529174805
5.003466606140137
4.904024600982666
3.917135715484619
6.417654991149902
5.135397434234619
5.024089336395264
5.271048545837402
4.232482433319092
4.784554481506348
3.8974075317382812
4.17301082611084
4.057331085205078
4.4752607345581055
4.08379602432251
5.180640697479248
4.6667070388793945
5.203566551208496
3.886936664581299
4.612131118774414
5.246520042419434
4.184909343719482
5.09065055847168
4.169290542602539
4.1382904052734375
5.063258171081543
5.017254829406738
4.317898750305176
4.249712944030762
3.9910521507263184
4.622132301330566
5.493445873260498
5.581614971160889
4.419406414031982
4.291882038116455
5.007852554321289
4.514853477478027
4.98087215423584
5.977389812469482
3.9802913665771484
4.269421100616455
5.021702289581299
5.400972366333008
6.3540802001953125
3.696477174758911
5.563920974731445
4.8992180824279785
4.811131477355957
4.603690147399902
5.097784042358398
4.141411781311035
4.30483341217041
5.879009246826172
5.813087463378906
4.518368721008301
5.305461406707764
4.575404167175293
5.933740139007568
4.114406585693359
4.6668243408203125
5.516989231109619
4.88191032409668
5.117691993713379
6.2593536376953125
4.80837345123291
4.892969131469727
4.5192365646362305
3.032804012298584
4.575795650482178
6.098493576049805
4.061680793762207
5.096210479736328
4.5963544845581055
4.166637420654297
5.119205474853516
4.9034953117370605
6.973402976989746
3.6867408752441406
3.5152454376220703
4.324708461761475
4.081484317779541
3.5656490325927734
4.001325607299805
4.732870578765869
4.708458423614502
4.521602153778076
4.188903331756592
4.310901165008545
5.063597679138184
4.84688138961792
5.279079437255859
5.205413818359375
4.175922393798828
3.975924015045166
5.310879707336426
5.061310768127441
4.720641613006592
3.8682861328125
3.986807346343994
4.748613357543945
6.8973469734191895
5.6489763259887695
4.860692977905273
4.523545265197754
3.8975563049316406
5.245487213134766
5.669046401977539
4.426727771759033
4.446770668029785
5.479284286499023
5.245696067810059
4.675992012023926
4.987675666809082
4.31941032409668
5.448979377746582
4.976332664489746
4.593271732330322
3.968865156173706
4.933868408203125
3.3115077018737793
3.9126923084259033
4.829676628112793
4.588618278503418
5.577939033508301
6.390364646911621
4.523064136505127
5.004304885864258
4.127908706665039
5.855997085571289
4.612156867980957
4.688942909240723
5.561490058898926
4.8433380126953125
4.892495155334473
4.019401550292969
3.7102184295654297
4.5398149490356445
4.369957447052002
5.207505226135254
3.774820566177368
5.1298089027404785
3.787733316421509
5.619662284851074
6.083334922790527
3.9366941452026367
5.2779154777526855
5.928524017333984
4.2700018882751465
5.8414154052734375
4.243515968322754
3.1469244956970215
4.239118576049805
4.636722087860107
4.6132402420043945
3.8798885345458984
4.992891311645508
5.246176719665527
4.080521583557129
3.899261951446533
4.852888107299805
4.006742477416992
4.099024295806885
4.4729228019714355
5.238710403442383
5.060709476470947
3.859239339828491
4.436851501464844
4.266912937164307
5.12218713760376
3.613166332244873
4.2223052978515625
5.950324535369873
4.324832916259766
4.251764297485352
4.048713207244873
5.104264259338379
5.558701992034912
4.285640716552734
4.203571319580078
3.955456018447876
4.418989181518555
4.447139263153076
5.0182929039001465
4.376015663146973
4.004683494567871
4.517093658447266
4.263418197631836
4.468952178955078
3.9588875770568848
4.527060031890869
4.049626350402832
5.059889316558838
4.516584873199463
4.512452602386475
5.030679702758789
4.222297668457031
4.652738571166992
5.549028396606445
4.532697677612305
4.659932613372803
4.200862407684326
4.866278171539307
4.452702522277832
4.120108604431152
4.554481506347656
3.776252508163452
4.779889106750488
3.6976938247680664
5.635313034057617
4.41368293762207
4.8712849617004395
4.700460433959961
4.957160472869873
4.080570220947266
4.560054779052734
3.906114101409912
4.5753045082092285
4.3563761711120605
3.261286497116089
5.423168659210205
4.761247634887695
5.033627986907959
4.619996547698975
4.55474328994751
6.3318586349487305
6.443889141082764
4.74793004989624
4.558465003967285
4.767415523529053
4.412239074707031
5.379202842712402
4.463638782501221
6.046616554260254
5.574246406555176
5.318657875061035
6.296668529510498
4.92460823059082
5.2605881690979
6.244988441467285
5.005868911743164
4.802254676818848
5.022932052612305
4.068826675415039
4.185181617736816
4.3988752365112305
4.543881416320801
4.045896053314209
4.5320329666137695
4.818700313568115
4.340518474578857
3.9021570682525635
5.87158203125
4.2925920486450195
4.023088455200195
4.415630340576172
4.984820365905762
4.031188011169434
4.335854530334473
4.533059120178223
4.820923805236816
5.1320695877075195
4.778071880340576
5.456209182739258
3.6697561740875244
4.858241081237793
4.9502716064453125
4.857038497924805
3.673611879348755
4.587187767028809
3.8189480304718018
4.905542373657227
4.257610321044922
4.045432090759277
5.50041389465332
4.019089698791504
4.116508483886719
4.010993003845215
3.471343517303467
4.032221794128418
5.076604843139648
4.3323869705200195
4.210162162780762
4.724940776824951
4.817939281463623
4.341380596160889
4.6370849609375
3.736788749694824
4.8355913162231445
4.350443363189697
4.26196813583374
5.269918441772461
4.485676288604736
4.647153854370117
4.440775394439697
6.361764430999756
4.944921493530273
4.3838300704956055
4.692148208618164
4.922914505004883
4.808725357055664
4.729936122894287
4.6047163009643555
4.781961917877197
4.405977249145508
4.781569480895996
3.2604589462280273
4.621519088745117
4.980433464050293
4.521256446838379
5.339173316955566
5.149893283843994
4.741301536560059
4.7105255126953125
5.852182388305664
4.447849273681641
4.107672691345215
4.905155181884766
5.215165138244629
6.565350532531738
4.3994646072387695
4.4014387130737305
3.908039093017578
4.520354747772217
4.766002655029297
4.947281837463379
4.749317646026611
5.678022384643555
4.2285003662109375
4.500542163848877
5.143062114715576
4.367283344268799
4.7409749031066895
5.062629699707031
4.574856758117676
4.133484363555908
3.597447633743286
3.8592922687530518
3.4910318851470947
4.4576568603515625
3.943716049194336
3.4566686153411865
4.281132698059082
4.195822715759277
4.307455062866211
4.969615459442139
3.298774242401123
3.6330909729003906
3.560798406600952
3.9561727046966553
3.9556403160095215
3.57472825050354
4.115646839141846
3.5347180366516113
3.9920501708984375
5.676923751831055
3.725426197052002
3.5267221927642822
4.499217987060547
3.9105849266052246
3.4522547721862793
4.37953519821167
3.7371482849121094
3.9413528442382812
3.973665952682495
3.375943899154663
4.017392158508301
3.7556955814361572
4.340863227844238
3.9999032020568848
4.027960777282715
3.9072277545928955
3.626868963241577
3.7539589405059814
3.688333511352539
4.074088096618652
4.425599575042725
3.357440233230591
3.927091121673584
3.919236660003662
4.613790512084961
3.7263944149017334
3.687814474105835
4.394281387329102
3.493985176086426
3.8422555923461914
4.231716156005859
4.295205116271973
3.7530035972595215
3.885674238204956
4.756906509399414
3.9111616611480713
3.4487016201019287
3.493380546569824
3.619363307952881
3.358473777770996
3.422050952911377
4.424472808837891
4.26318359375
5.249555587768555
4.0004448890686035
4.517251014709473
3.9067418575286865
3.260361671447754
3.1178910732269287
3.8409273624420166
3.7358527183532715
3.694423198699951
3.779015302658081
3.7603390216827393
4.373586177825928
3.324145793914795
3.9061388969421387
3.2622454166412354
3.627805709838867
4.072567462921143
3.0919666290283203
3.5917632579803467
5.609954833984375
3.567793369293213
4.558582305908203
4.083430767059326
4.264977931976318
4.091543197631836
4.893120765686035
3.7819314002990723
5.141783714294434
3.567312717437744
4.6964921951293945
3.7249040603637695
4.915670394897461
5.097230911254883
5.080465316772461
4.71236515045166
4.066193580627441
4.642677307128906
4.698062896728516
4.734615325927734
4.784438610076904
3.6443333625793457
4.090824127197266
3.8976247310638428
3.8445773124694824
3.9495787620544434
4.660120964050293
3.823587656021118
4.192378520965576
5.023483753204346
4.782176971435547
4.687884330749512
5.45439338684082
4.897424697875977
3.8809030055999756
4.453208923339844
4.627455711364746
5.6545634269714355
4.817009925842285
3.84755802154541
4.429121971130371
4.128421783447266
5.080272674560547
4.9764299392700195
5.368609428405762
3.7259724140167236
4.325831890106201
4.90325927734375
4.917459964752197
5.229569435119629
5.492027759552002
4.663444519042969
4.963508605957031
4.0005669593811035
4.335484981536865
3.9713051319122314
4.317845821380615
3.890146017074585
4.691864967346191
4.804721355438232
3.9543466567993164
4.0458784103393555
4.604494571685791
4.281276702880859
3.6776342391967773
4.18495512008667
4.921933650970459
4.386820316314697
4.191411972045898
3.5320968627929688
5.00829553604126
4.574883460998535
5.9262261390686035
3.810051918029785
3.851684093475342
3.3376712799072266
4.800353050231934
5.628321170806885
4.881487846374512
3.7348997592926025
4.540722846984863
4.2312774658203125
4.192598819732666
4.355520725250244
3.4040446281433105
4.080436706542969
4.657362937927246
3.976616859436035
4.076953887939453
3.8074324131011963
3.815375804901123
5.100548267364502
3.6912288665771484
3.7655527591705322
3.602292060852051
4.348189353942871
3.8750319480895996
5.163122177124023
4.940691947937012
4.1517333984375
4.928150177001953
4.385811805725098
3.7413718700408936
3.7080228328704834
3.85426664352417
3.5013654232025146
4.270567893981934
4.1902756690979
3.3852388858795166
3.8877501487731934
3.662281036376953
4.409273147583008
3.408886432647705
4.405805587768555
3.5666592121124268
5.06777811050415
3.7740767002105713
3.936398506164551
4.648356914520264
3.2353248596191406
3.512392044067383
3.3797335624694824
4.042673587799072
3.648381233215332
4.406359672546387
4.794207572937012
4.339219570159912
4.55612850189209
3.3251595497131348
3.9501843452453613
4.125644207000732
3.901789665222168
4.982427597045898
3.9100725650787354
3.380709648132324
3.773851156234741
4.633721351623535
4.259167671203613
3.914973258972168
4.674544334411621
3.4806463718414307
5.388648986816406
5.15437126159668
7.967463970184326
3.3604111671447754
3.9264063835144043
5.101097106933594
4.255246162414551
4.092439651489258
3.9758968353271484
5.194097518920898
3.7110955715179443
4.869655609130859
3.983591079711914
4.185616493225098
4.207552433013916
4.618943691253662
4.314318656921387
4.018559455871582
5.611665725708008
4.220983028411865
3.8128645420074463
4.488300323486328
3.7302823066711426
3.890760660171509
4.278343200683594
3.519643545150757
5.459319114685059
3.748497724533081
3.969282388687134
3.3027889728546143
3.8538818359375
4.439737796783447
4.2825140953063965
4.403347492218018
4.517136573791504
4.090704917907715
3.7022128105163574
3.676352024078369
4.556644439697266
3.256124973297119
3.6466305255889893
4.042708396911621
4.55664587020874
3.2073073387145996
4.232335090637207
3.420083999633789
4.951732158660889
4.64751672744751
3.587311267852783
3.578235626220703
4.046497821807861
4.2576727867126465
4.526495933532715
3.842863082885742
3.6297144889831543
5.001156330108643
4.031989097595215
3.4554715156555176
4.3178510665893555
3.8396570682525635
3.5910844802856445
4.9305267333984375
4.025421142578125
3.991856336593628
3.949234962463379
4.117715835571289
3.8311216831207275
3.1344172954559326
3.959763765335083
4.060897350311279
3.134066104888916
3.5689568519592285
4.067159175872803
3.1907055377960205
3.582091808319092
4.059477806091309
3.874265193939209
5.386867046356201
4.39906120300293
4.07277774810791
4.296091556549072
4.636512756347656
5.454620361328125
4.08960485458374
3.56443190574646
3.4189839363098145
4.229070663452148
3.4038968086242676
4.280820369720459
4.687385082244873
4.006033897399902
5.892543792724609
5.730218410491943
3.735013961791992
4.666749954223633
4.4523749351501465
4.115172386169434
5.207080841064453
4.441393852233887
4.020109176635742
3.8259201049804688
5.736592769622803
4.020565986633301
5.13839864730835
3.7903425693511963
5.026054382324219
4.233198165893555
3.524412155151367
4.409474849700928
3.1584291458129883
4.221839427947998
4.412957191467285
4.149869918823242
4.144067287445068
4.728641986846924
3.95591402053833
4.044638156890869
3.7676022052764893
5.377106189727783
4.056117057800293
5.74229621887207
3.9728336334228516
4.343933582305908
4.502106189727783
3.4959716796875
3.887693405151367
3.9131217002868652
3.825802803039551
5.453981399536133
3.957651138305664
3.27461838722229
4.629737854003906
4.869935989379883
3.8339877128601074
3.4164304733276367
4.479596138000488
4.86136531829834
4.129179954528809
4.607923984527588
3.876237392425537
4.462237358093262
3.463459014892578
3.2981112003326416
4.082238674163818
4.830735683441162
4.200473785400391
4.344160079956055
4.358823776245117
3.9390227794647217
3.9653806686401367
5.268560886383057
4.5072736740112305
4.955114841461182
3.750089168548584
5.683873176574707
4.007393836975098
4.4902729988098145
3.4978575706481934
4.1478118896484375
4.455587387084961
3.3388826847076416
5.29831075668335
3.787105083465576
4.645329475402832
4.906708240509033
3.212839126586914
5.210096836090088
4.444990634918213
3.6184167861938477
3.843543767929077
3.304788589477539
3.449753761291504
4.569350719451904
4.7249274253845215
4.089233875274658
4.092251300811768
4.2999653816223145
3.558277130126953
4.628117084503174
4.4157304763793945
4.031547546386719
3.227637767791748
4.873880386352539
4.169941425323486
5.569096565246582
4.377734184265137
4.134401321411133
4.831374168395996
4.591976642608643
4.059698104858398
4.065392971038818
3.462876796722412
3.810732364654541
3.873014450073242
4.154274940490723
4.412412643432617
4.070281982421875
3.225165843963623
4.16388463973999
3.8359534740448
3.3637430667877197
3.7504019737243652
3.350362777709961
3.058046340942383
4.055215358734131
4.086599349975586
4.128085613250732
3.1365270614624023
4.478248119354248
2.8914363384246826
4.9520416259765625
2.836090087890625
4.118172645568848
3.35006046295166
4.272763252258301
3.093104839324951
4.005431175231934
3.3612875938415527
4.3017988204956055
3.8991265296936035
5.531993865966797
4.28618049621582
4.465079307556152
3.6086955070495605
3.9770596027374268
4.813131809234619
4.39015007019043
5.289514064788818
3.3936610221862793
3.3446364402770996
5.697015285491943
4.365477085113525
3.100022315979004
3.7217464447021484
3.786029815673828
4.2854461669921875
3.725447177886963
3.9398694038391113
4.484033107757568
5.410064697265625
3.767740249633789
3.873636245727539
4.6222381591796875
3.4816174507141113
4.071605205535889
3.594878911972046
4.248121738433838
3.77289080619812
4.35206413269043
3.090330123901367
4.682306289672852
3.210721492767334
3.547070264816284
3.4478650093078613
4.156682014465332
3.9228432178497314
3.512828826904297
4.0640716552734375
3.366824150085449
2.962045907974243
3.9583559036254883
3.473815441131592
3.5341129302978516
4.011929512023926
3.0334129333496094
3.712446689605713
3.6392626762390137
3.739480972290039
5.035022735595703
4.2182722091674805
3.2444472312927246
4.047128677368164
4.066247940063477
4.400392532348633
4.386798858642578
4.36335563659668
3.269420862197876
4.805394649505615
3.947807788848877
3.5304489135742188
3.8709378242492676
3.753754138946533
3.728264331817627
4.236695289611816
3.8914592266082764
3.4483625888824463
3.8950014114379883
3.7574729919433594
3.161139965057373
3.8091013431549072
4.189657211303711
4.185884475708008
3.4613006114959717
4.512711524963379
4.098759651184082
3.5650877952575684
3.7223763465881348
3.417820453643799
3.660647392272949
4.58730411529541
4.238180160522461
4.682795524597168
4.324912071228027
3.600499391555786
3.6916143894195557
3.402606248855591
4.309972286224365
3.780022621154785
4.086635589599609
3.397066593170166
3.298189163208008
4.782722473144531
3.6979291439056396
3.46535062789917
3.3982300758361816
3.3777127265930176
4.740063667297363
3.8909213542938232
4.641877174377441
3.641847610473633
5.111827373504639
5.890192031860352
3.426490545272827
3.8240931034088135
4.561916828155518
3.9870967864990234
4.056723594665527
4.5486040115356445
4.737602233886719
4.218369007110596
3.9425747394561768
4.089502334594727
4.4117021560668945
3.0929200649261475
3.3058981895446777
4.716433525085449
3.283719778060913
4.392845153808594
4.001564025878906
4.611415863037109
3.259817600250244
4.774826526641846
3.6681580543518066
3.910083532333374
3.4191131591796875
4.144873142242432
3.505215883255005
4.8552470207214355
4.182709217071533
3.696305513381958
3.5855836868286133
3.583428144454956
3.6283016204833984
5.149660587310791
3.666853666305542
3.4577267169952393
4.0124969482421875
3.6273324489593506
3.8970799446105957
3.5717806816101074
3.9362335205078125
4.012631893157959
3.8718905448913574
4.0294880867004395
3.040189743041992
3.541008472442627
3.049422025680542
3.4987363815307617
4.546925067901611
3.818270683288574
3.379352569580078
3.1061439514160156
3.325610637664795
3.8426907062530518
5.219395160675049
5.047875881195068
4.494463920593262
4.33225154876709
4.132637977600098
3.9899942874908447
4.440793514251709
3.235823631286621
4.670740604400635
3.427659034729004
4.904945373535156
2.983243942260742
3.969431161880493
4.029288291931152
3.7843661308288574
3.4439969062805176
4.087680816650391
4.232451438903809
3.4527859687805176
4.877811431884766
3.21553373336792
4.002240180969238
4.500301837921143
4.13684606552124
5.534403324127197
4.547919750213623
3.0390069484710693
3.2978110313415527
4.928753852844238
3.9384634494781494
4.640262603759766
3.2357330322265625
2.683032989501953
3.5762269496917725
4.360926151275635
4.451205253601074
3.604132652282715
3.8777761459350586
3.656968593597412
3.6967477798461914
3.8511128425598145
3.536743640899658
3.289491653442383
3.6035969257354736
3.9330992698669434
3.64042329788208
3.785860776901245
3.722970724105835
3.541883707046509
3.7119247913360596
3.036731719970703
3.881831169128418
3.4621834754943848
3.7597551345825195
3.267132043838501
4.343199729919434
4.027843952178955
3.703028678894043
3.85921573638916
4.401249885559082
4.912090301513672
4.744933605194092
5.485594272613525
4.058351516723633
4.006277084350586
3.9669346809387207
4.147669315338135
4.918529033660889
3.9668538570404053
4.6903228759765625
4.420614242553711
3.5074856281280518
3.5516273975372314
5.780226707458496
4.00857400894165
3.362527370452881
3.607541799545288
2.9990053176879883
4.793267250061035
4.568568229675293
3.6731204986572266
3.7255396842956543
3.9530422687530518
3.5975069999694824
4.389131546020508
4.689598560333252
5.17373514175415
4.776033878326416
4.508577346801758
4.113628387451172
3.8807859420776367
4.129200458526611
3.611159324645996
4.449826240539551
5.241828918457031
3.2558157444000244
3.596552610397339
4.689776420593262
4.841955661773682
3.9403586387634277
3.594367027282715
3.112471342086792
4.01463508605957
3.747417688369751
3.1792678833007812
4.890331268310547
3.190868377685547
4.215592384338379
3.996678590774536
4.015946388244629
4.01416015625
3.095278263092041
3.6462175846099854
4.074822425842285
3.5577516555786133
3.4824182987213135
3.3488430976867676
4.212418079376221
4.387558460235596
4.002198696136475
4.229180335998535
3.8511428833007812
3.6782944202423096
3.0736989974975586
4.374625205993652
4.023500442504883
3.4879655838012695
4.532495498657227
4.274312973022461
3.515141010284424
4.114570140838623
3.6761813163757324
3.497464179992676
3.8888778686523438
4.031675815582275
3.7455637454986572
3.3263540267944336
3.9330084323883057
3.4504857063293457
4.6417012214660645
3.8446788787841797
4.261715412139893
2.969148635864258
3.573436737060547
4.1339311599731445
3.4792532920837402
3.9745922088623047
3.993227005004883
3.5679755210876465
5.6828837394714355
3.475497245788574
3.4982829093933105
3.324805736541748
3.4746451377868652
3.9198758602142334
3.3713908195495605
4.0159406661987305
3.911987781524658
4.091006278991699
3.7880635261535645
4.444613933563232
3.7512943744659424
3.9825494289398193
3.6720588207244873
4.12992000579834
3.6158037185668945
3.265383243560791
2.4931981563568115
4.111229419708252
5.436151027679443
3.7770304679870605
3.7283287048339844
4.801033973693848
4.094955921173096
4.0817389488220215
5.6212005615234375
3.963409662246704
4.091875076293945
4.35508918762207
4.986353874206543
3.9950907230377197
4.725709438323975
4.336824417114258
5.184531211853027
3.4077844619750977
3.4877586364746094
4.477762222290039
3.5578818321228027
3.884812831878662
4.4824442863464355
4.1211771965026855
3.6571578979492188
3.837656021118164
3.734469413757324
5.050209045410156
3.911773920059204
5.297117233276367
3.8078646659851074
3.8343029022216797
3.029998779296875
3.689939498901367
3.142472505569458
3.0525288581848145
4.070969104766846
4.245045185089111
3.981264591217041
4.913158416748047
4.257880687713623
4.146945953369141
4.2530670166015625
3.753638505935669
3.750514268875122
5.604920864105225
3.4841535091400146
4.3970746994018555
3.893240451812744
4.205611228942871
3.778501510620117
3.3428893089294434
3.711294174194336
3.8399553298950195
4.303818702697754
4.103951454162598
3.77316951751709
4.221652984619141
4.293438911437988
4.402817726135254
3.593470335006714
5.115978717803955
4.203596115112305
3.9838626384735107
4.928321838378906
4.3956804275512695
4.523140907287598
4.258114337921143
4.224335193634033
4.450760841369629
3.3988804817199707
3.4481639862060547
3.977786064147949
4.237813949584961
3.200531005859375
4.0189313888549805
3.7205023765563965
4.139256000518799
4.445442199707031
3.235227108001709
3.3600263595581055
3.7913713455200195
3.642026901245117
3.8602633476257324
2.6720333099365234
4.566422462463379
4.366891860961914
3.1683483123779297
3.0401530265808105
3.1587982177734375
3.2366018295288086
3.631033420562744
3.276460647583008
2.816375970840454
3.2319164276123047
3.174445390701294
4.481865406036377
3.6010355949401855
3.770145893096924
3.571540594100952
3.8487393856048584
4.003070831298828
4.162388801574707
3.5656604766845703
3.160515785217285
4.0463433265686035
3.9503750801086426
3.2866907119750977
4.728853702545166
4.673688888549805
3.2904748916625977
3.6752047538757324
5.436666488647461
4.0713067054748535
4.198917388916016
4.385991096496582
3.158748149871826
4.674410820007324
4.768590927124023
4.615302085876465
3.986769199371338
3.490330696105957
3.5367350578308105
3.6931302547454834
4.575007438659668
4.180922508239746
3.691760540008545
4.166738986968994
3.5059523582458496
3.1791329383850098
2.7389674186706543
4.862739562988281
4.186810493469238
4.701786994934082
3.9570040702819824
3.4650678634643555
4.162164688110352
3.9077372550964355
4.379364967346191
4.37130880355835
3.640080451965332
3.4788310527801514
3.7487220764160156
4.211935997009277
3.4480555057525635
4.267772674560547
3.773463487625122
4.961824417114258
3.5878336429595947
4.676960468292236
3.676572561264038
3.988406181335449
4.2578349113464355
5.378872394561768
3.8919389247894287
4.093375205993652
5.702165603637695
4.489384651184082
5.196136474609375
4.499639511108398
4.3225016593933105
5.625494480133057
4.5813703536987305
4.040108680725098
4.7397260665893555
4.8236308097839355
3.2711966037750244
5.718085289001465
5.4440999031066895
4.061737060546875
5.014227867126465
4.918028831481934
4.683155059814453
4.700494766235352
4.792661666870117
4.209510803222656
4.715611457824707
5.757771015167236
3.7848825454711914
3.7806644439697266
4.016854763031006
5.166860103607178
4.377080917358398
4.253983497619629
4.76485538482666
4.2325286865234375
5.4219489097595215
5.128121376037598
3.490870952606201
4.920414924621582
4.647477149963379
4.401859283447266
4.096163272857666
3.9182791709899902
3.577847957611084
4.416097164154053
4.496516227722168
3.958000898361206
4.420341491699219
4.707311630249023
3.363751173019409
3.07537841796875
3.5796756744384766
4.677151679992676
4.252605438232422
5.177318572998047
3.574093818664551
4.321876525878906
3.9016592502593994
3.7021994590759277
3.58103084564209
3.349433422088623
3.7011075019836426
4.9488019943237305
4.772276401519775
3.361268997192383
3.5745530128479004
3.620471954345703
3.798107624053955
3.3846089839935303
4.6070876121521
3.632652759552002
4.86374568939209
4.321203231811523
5.662868976593018
3.7605206966400146
4.688577651977539
3.94277286529541
3.9204156398773193
3.070308208465576
5.066071033477783
3.69364595413208
5.43714714050293
3.761760711669922
4.915367126464844
3.0009045600891113
4.562627792358398
3.8916683197021484
3.5363354682922363
5.30280876159668
3.944464683532715
2.9546852111816406
3.8023667335510254
2.7239489555358887
3.837484121322632
4.252762794494629
3.9630422592163086
3.770132541656494
4.315829277038574
3.2873268127441406
3.6991028785705566
4.632940292358398
4.503742694854736
3.6745200157165527
3.742136001586914
4.611382007598877
4.070931434631348
3.5878093242645264
3.2670717239379883
3.439006805419922
3.603635311126709
3.7687058448791504
4.145866394042969
4.480062007904053
3.0166051387786865
3.5867185592651367
3.600754737854004
4.790349960327148
3.852644443511963
3.8572542667388916
3.848740577697754
4.149147987365723
3.8199830055236816
3.851149320602417
3.1190335750579834
4.061812877655029
3.8538546562194824
4.218752861022949
3.2003631591796875
4.002786636352539
3.977720022201538
2.9649336338043213
4.191518783569336
3.3802928924560547
4.23061466217041
3.6936287879943848
5.012782573699951
3.0608606338500977
4.498946189880371
4.449823379516602
3.0561461448669434
4.799625396728516
6.027275085449219
4.894043922424316
5.034738540649414
3.765564441680908
4.081719398498535
3.0925986766815186
4.027176856994629
3.9400687217712402
6.389194488525391
3.8290133476257324
4.7422895431518555
4.242599010467529
3.5055909156799316
3.9311559200286865
4.237603187561035
4.065570831298828
3.2923738956451416
3.8692188262939453
3.8242828845977783
4.985673904418945
4.410444259643555
3.205328941345215
4.303097724914551
4.7722625732421875
4.9447784423828125
3.28791880607605
3.6526482105255127
4.444609642028809
3.2232813835144043
3.7754323482513428
3.6590473651885986
4.995968818664551
4.240571975708008
3.852391004562378
4.024430751800537
4.4470038414001465
3.754087448120117
4.204398155212402
5.8303327560424805
6.5031657218933105
4.082707405090332
4.642757892608643
4.551742076873779
3.944274425506592
3.540323495864868
4.786252975463867
5.674805641174316
3.9816184043884277
3.608370304107666
3.614048719406128
4.539280891418457
4.337677955627441
4.249795436859131
3.885688304901123
4.132652759552002
4.284989356994629
3.4536895751953125
4.054524898529053
4.773938179016113
3.981980800628662
3.8946518898010254
3.818349838256836
4.18622350692749
4.047121047973633
3.7536985874176025
3.95375394821167
4.479571342468262
3.680234432220459
3.82027268409729
3.889021396636963
4.775148868560791
4.565025329589844
4.045573711395264
6.701101779937744
4.289190292358398
5.450677871704102
3.5735344886779785
3.8568220138549805
4.534137725830078
5.55071496963501
5.5129289627075195
4.62251091003418
3.518773078918457
4.368437767028809
4.648126602172852
4.802319526672363
4.825894832611084
4.203780174255371
4.662059783935547
4.623430252075195
3.3935742378234863
4.917449951171875
4.798196792602539
4.262600898742676
4.552237510681152
3.978522300720215
3.7370376586914062
3.252169132232666
3.935075283050537
4.986957550048828
3.1921849250793457
4.270064830780029
4.066295623779297
5.57367467880249
3.784510612487793
3.898658275604248
3.4793059825897217
3.9981491565704346
4.227190971374512
4.080355644226074
3.8622515201568604
3.607365131378174
3.8382480144500732
3.925244092941284
3.431230068206787
3.920429229736328
2.949246406555176
3.7875277996063232
4.870916366577148
4.341487884521484
3.27056622505188
4.3805036544799805
4.094084739685059
3.5544819831848145
3.6248743534088135
3.739259719848633
3.3801403045654297
4.3934431076049805
4.273250579833984
3.2486772537231445
3.8275270462036133
4.25732421875
4.670602798461914
3.982929229736328
4.075650215148926
3.5469584465026855
5.079262733459473
3.5557668209075928
3.659420967102051
4.293973922729492
3.9107112884521484
4.182226657867432
4.079737186431885
3.7934892177581787
3.836587905883789
3.5985279083251953
3.055368423461914
3.3655037879943848
3.165506601333618
4.649013996124268
3.780796766281128
3.741281509399414
4.846008777618408
3.239102363586426
3.7786879539489746
3.3822836875915527
4.450347900390625
4.715915203094482
3.4770026206970215
5.029897212982178
4.083245277404785
4.228278160095215
2.8592095375061035
4.766446113586426
3.841991662979126
3.3746676445007324
3.649937629699707
4.120213031768799
3.873119354248047
4.150184631347656
3.697845697402954
3.5868449211120605
4.0096893310546875
3.843320369720459
4.006939888000488
3.4272959232330322
3.065478563308716
3.7673707008361816
4.3219313621521
3.3664472103118896
4.130012512207031
3.2551112174987793
3.8692800998687744
3.6400890350341797
3.027971029281616
3.9048519134521484
5.259986400604248
4.455484390258789
4.208067417144775
3.80564546585083
4.067708969116211
4.956275939941406
4.127128601074219
4.26746940612793
3.86309814453125
4.0224199295043945
3.1551737785339355
5.123790264129639
3.7265002727508545
3.142340898513794
4.385011672973633
4.056854248046875
3.486793279647827
3.4277734756469727
3.8932290077209473
3.174544095993042
3.336007595062256
4.283442497253418
5.114881992340088
4.01932954788208
3.5449044704437256
4.15086555480957
4.656912803649902
3.4771242141723633
3.0270278453826904
3.7815167903900146
3.8084359169006348
5.012355804443359
3.4890787601470947
3.535677909851074
3.4966814517974854
4.036920547485352
3.3282291889190674
3.072847366333008
2.752408027648926
3.673064708709717
3.8023791313171387
3.9333114624023438
2.8391637802124023
3.8894240856170654
3.6803297996520996
3.4753448963165283
3.14062762260437
4.1076812744140625
4.300627708435059
4.6606597900390625
4.236740589141846
3.777027130126953
3.4652891159057617
4.16227912902832
3.764953136444092
4.034875392913818
4.799502372741699
3.651798725128174
4.335979461669922
3.1892664432525635
4.024018287658691
3.946556329727173
4.005379676818848
3.6115262508392334
3.5724105834960938
4.046441078186035
4.334448337554932
3.865936756134033
4.121255874633789
3.801884651184082
3.761291980743408
3.646536350250244
3.5445518493652344
3.822601079940796
3.291785717010498
4.6018595695495605
3.817762851715088
3.503730297088623
3.2723512649536133
3.269563674926758
3.582583427429199
3.980433940887451
4.774687767028809
3.962392568588257
3.907562494277954
3.7739882469177246
3.616118907928467
3.6035666465759277
3.8850555419921875
4.262542724609375
5.003787994384766
3.4148197174072266
3.571770429611206
4.637270450592041
3.781269073486328
3.5348429679870605
3.4828693866729736
2.7798361778259277
3.5484447479248047
4.288997173309326
3.6319737434387207
3.0930938720703125
3.4153847694396973
4.707438945770264
3.5464282035827637
3.6029577255249023
3.5889267921447754
3.665821075439453
3.9332821369171143
3.214916706085205
3.4778079986572266
3.286473512649536
3.7528676986694336
3.6688671112060547
3.9155385494232178
3.1319222450256348
3.7289743423461914
4.336443901062012
4.0245819091796875
3.3105978965759277
4.115837097167969
4.078447341918945
3.205394744873047
3.4958934783935547
2.87239408493042
3.3102099895477295
3.2107486724853516
3.9625890254974365
3.7018985748291016
4.143482685089111
3.700244903564453
3.786740303039551
4.005995750427246
3.569990634918213
3.668879985809326
4.555117607116699
3.1355879306793213
3.946436643600464
3.9776530265808105
4.027957439422607
3.6417243480682373
4.0718674659729
2.9407739639282227
2.9994895458221436
3.7100958824157715
3.9783616065979004
3.9210612773895264
4.257240295410156
3.5644052028656006
3.344007968902588
5.013444423675537
3.9395322799682617
3.6302690505981445
3.6976990699768066
3.919318437576294
3.100754976272583
4.168308258056641
3.9310035705566406
4.075621604919434
4.136360168457031
4.179363250732422
3.3339271545410156
7.08743953704834
3.5844101905822754
4.432183742523193
3.641132354736328
3.0772695541381836
4.062220573425293
4.441390037536621
3.614223003387451
3.9875521659851074
3.7931787967681885
3.0274181365966797
4.302614688873291
4.5826897621154785
4.762585639953613
4.2644243240356445
4.503832817077637
3.9281463623046875
4.651567459106445
4.035974502563477
3.4793386459350586
5.45847749710083
4.032496452331543
3.4010534286499023
4.193687915802002
4.315559387207031
5.099173545837402
5.273266315460205
4.593855857849121
4.44895601272583
4.15974235534668
3.8114981651306152
3.435014247894287
4.088112831115723
4.173046112060547
4.1588921546936035
3.515684127807617
3.7668447494506836
4.786844253540039
2.7525391578674316
3.73129940032959
2.817446231842041
3.9195404052734375
3.268751621246338
3.3983395099639893
3.209926128387451
3.4151031970977783
3.9668445587158203
3.8911051750183105
3.8774971961975098
4.915955543518066
3.5879225730895996
3.4237453937530518
4.0567522048950195
2.9519028663635254
4.323058128356934
2.7178940773010254
4.390316009521484
3.2248454093933105
3.2209558486938477
3.0699172019958496
3.5414905548095703
3.9085822105407715
3.421625852584839
3.473095178604126
5.143179416656494
2.9867444038391113
4.098621368408203
3.5254805088043213
4.018098831176758
3.5207648277282715
3.7797210216522217
3.6717734336853027
4.228124618530273
3.367292642593384
3.0608980655670166
4.074806213378906
3.828630208969116
3.907566785812378
3.797074794769287
3.6715431213378906
3.84928560256958
3.0479750633239746
3.4209771156311035
3.833081007003784
2.9913599491119385
4.677746295928955
3.63968825340271
4.7622270584106445
3.2867751121520996
4.224156379699707
3.2879180908203125
3.7828445434570312
4.194948196411133
4.271915912628174
3.8936305046081543
3.189321517944336
3.1469197273254395
3.456645965576172
3.9215803146362305
3.800309658050537
3.420499563217163
3.644711494445801
3.3542275428771973
4.579824447631836
2.82725191116333
3.839165210723877
3.259491443634033
3.1871511936187744
4.352572441101074
2.4541854858398438
3.7175607681274414
3.186769485473633
3.6289947032928467
4.017863750457764
4.90568733215332
2.995180368423462
3.363280773162842
3.8083269596099854
3.7380635738372803
4.303671836853027
4.974852561950684
3.618572950363159
3.7292354106903076
2.9604544639587402
3.1814985275268555
4.668153762817383
4.4217729568481445
3.9239490032196045
3.349177360534668
3.631024122238159
3.3166065216064453
3.759995937347412
4.1928558349609375
4.044538497924805
3.6872973442077637
4.73468017578125
3.299196243286133
3.950124502182007
3.9348878860473633
3.4723129272460938
3.55754017829895
3.834554672241211
3.16152286529541
3.5253586769104004
2.9473073482513428
3.252330780029297
3.8384196758270264
3.5417354106903076
5.164298057556152
3.5052647590637207
3.736802816390991
4.432493686676025
3.921595573425293
3.013932228088379
3.134110450744629
3.50887131690979
3.9382307529449463
4.513254165649414
3.1710009574890137
3.714972972869873
4.2726030349731445
4.650484561920166
3.446385383605957
3.640620231628418
4.361368656158447
3.8213138580322266
3.758000135421753
4.615570068359375
3.6256022453308105
3.015829086303711
4.266568183898926
3.707714319229126
4.352502822875977
3.9215774536132812
3.0616300106048584
3.697603702545166
3.8232622146606445
3.981889247894287
3.9403836727142334
3.7560105323791504
3.0018744468688965
3.4771194458007812
4.037975311279297
4.157190322875977
3.944950580596924
3.6259725093841553
3.530186414718628
3.0987119674682617
3.723820447921753
3.9053258895874023
4.496443748474121
3.552309036254883
3.508178949356079
3.1592297554016113
4.0779242515563965
4.193800449371338
2.7204179763793945
4.121569633483887
3.9997665882110596
3.7793242931365967
4.1441826820373535
4.359306812286377
3.594034194946289
3.373501777648926
4.424908638000488
4.0917816162109375
3.5410408973693848
4.395380020141602
3.566274881362915
3.897231101989746
4.28355598449707
3.678274631500244
3.2948594093322754
4.4085540771484375
4.496276378631592
3.2744603157043457
3.519951105117798
3.6987738609313965
4.272708892822266
2.9169390201568604
3.2084083557128906
3.287160634994507
4.610247611999512
2.7011570930480957
3.379610538482666
4.369812488555908
3.863964080810547
3.7681784629821777
3.89786434173584
3.914127826690674
4.779006481170654
2.7820520401000977
3.359882354736328
4.190763473510742
3.453795909881592
3.453381061553955
3.681377410888672
3.9053192138671875
3.4257616996765137
4.122154712677002
3.5730512142181396
3.984877347946167
4.8952741622924805
3.4342827796936035
3.1587724685668945
3.687263011932373
3.5367324352264404
3.695326566696167
3.837089776992798
2.899651527404785
3.7095799446105957
3.367549419403076
3.3651227951049805
4.265799522399902
3.252121925354004
4.3050031661987305
3.493382692337036
2.888138771057129
3.6943657398223877
3.0933837890625
4.109129905700684
4.838220119476318
4.014738082885742
3.7776432037353516
4.647719860076904
4.446256160736084
4.535984992980957
4.294999122619629
3.788684368133545
5.135951995849609
4.21083927154541
5.097321510314941
4.457584381103516
4.966475009918213
4.891695022583008
6.72370719909668
3.6544365882873535
3.1682863235473633
3.8197617530822754
3.9269728660583496
4.176851749420166
3.997645854949951
3.6538212299346924
3.6338980197906494
3.2465953826904297
3.325315475463867
4.45302677154541
3.872363567352295
3.930119037628174
4.220440864562988
3.25484561920166
3.5978126525878906
3.1625070571899414
3.069932699203491
3.8521077632904053
3.1148972511291504
3.319756031036377
3.9298036098480225
3.381497859954834
3.4545676708221436
3.9257445335388184
2.7593636512756348
3.1084342002868652
3.416185140609741
2.915266513824463
4.374015808105469
4.300176620483398
5.560395240783691
3.2732014656066895
3.5190072059631348
3.958576202392578
3.2867517471313477
4.845389366149902
3.77142333984375
4.236608505249023
3.5851683616638184
3.2688682079315186
3.0631585121154785
3.137303352355957
4.5938005447387695
3.5406007766723633
3.2239723205566406
4.729565620422363
3.226710319519043
3.63055682182312
3.017782211303711
3.8402724266052246
4.588584899902344
3.958138942718506
3.843021869659424
3.2316107749938965
3.4224071502685547
3.9547791481018066
4.028488636016846
3.6637279987335205
3.2557332515716553
3.8168463706970215
3.3256983757019043
2.9600205421447754
4.273675918579102
3.448228359222412
4.705955982208252
3.305028200149536
3.8186559677124023
3.8907675743103027
3.475863456726074
3.713609218597412
2.9240119457244873
3.3486428260803223
3.5901074409484863
2.6197729110717773
3.54542875289917
3.1371376514434814
4.988037586212158
3.7762274742126465
3.8104894161224365
2.9983818531036377
3.5368669033050537
3.8132119178771973
3.5476861000061035
3.4299936294555664
4.462596416473389
3.7604517936706543
4.613475799560547
3.480952501296997
3.78165602684021
4.173124313354492
3.46600341796875
3.504110097885132
3.2499279975891113
4.671063423156738
4.346914291381836
3.852806806564331
3.656259536743164
3.6801722049713135
3.9022200107574463
3.48524808883667
4.318061828613281
4.31542444229126
3.425307035446167
2.8534188270568848
3.4397385120391846
3.0923404693603516
2.9727823734283447
3.170952796936035
3.468015670776367
3.2431235313415527
3.474959135055542
4.3510050773620605
2.6926329135894775
3.6615443229675293
3.943723201751709
3.558053970336914
3.6562306880950928
2.659998893737793
2.9298744201660156
3.4258594512939453
3.407527446746826
5.361872673034668
3.9986720085144043
3.7537472248077393
3.529102087020874
4.2530837059021
4.203341960906982
3.947018623352051
2.648413896560669
3.1253480911254883
3.7806029319763184
2.858349561691284
3.387392520904541
4.147477149963379
3.0950374603271484
4.2166290283203125
4.244130611419678
3.7638561725616455
3.017725944519043
3.9179177284240723
3.597475051879883
2.8697986602783203
4.542032241821289
3.7589492797851562
3.322734832763672
3.4651355743408203
3.6696174144744873
3.5255861282348633
3.8082034587860107
3.388263702392578
3.3136212825775146
3.4624156951904297
3.652859687805176
3.2811782360076904
3.943632125854492
3.6977591514587402
2.661740303039551
3.502166748046875
3.7338292598724365
3.124925136566162
3.230908155441284
3.318098545074463
2.834105968475342
4.532482147216797
3.72590970993042
3.7155632972717285
4.1747283935546875
2.9839515686035156
3.0483977794647217
3.112947702407837
3.58408260345459
3.0718727111816406
3.2075319290161133
4.247608184814453
3.60357666015625
3.8457369804382324
3.518742084503174
3.873627185821533
2.8892040252685547
4.131795883178711
3.348721504211426
4.145530700683594
3.116547107696533
3.9687628746032715
3.611959934234619
3.171074628829956
4.163325309753418
2.6993517875671387
4.418495178222656
3.8535823822021484
4.373291969299316
3.1963396072387695
3.3078255653381348
3.9273438453674316
4.004572868347168
2.747727870941162
3.152409076690674
4.198760509490967
4.267845153808594
3.526092529296875
3.7857565879821777
3.568235158920288
3.5291996002197266
3.115838050842285
3.4832167625427246
3.4678804874420166
3.8486433029174805
3.9421472549438477
3.193897247314453
7.685889720916748
3.663290500640869
3.5295753479003906
3.936443328857422
3.7522592544555664
3.6693570613861084
5.099102973937988
5.558464050292969
4.374749183654785
4.513282775878906
3.945291042327881
5.707111835479736
3.876605749130249
2.9823341369628906
4.567681312561035
4.048325538635254
5.404878616333008
4.149613380432129
3.8434970378875732
4.027238368988037
