747.8682861328125
333.2808532714844
245.50582885742188
205.31442260742188
108.02259826660156
133.4483642578125
127.462646484375
145.29360961914062
125.36471557617188
85.00211334228516
87.64891815185547
75.26679992675781
76.1527099609375
70.31349182128906
78.35934448242188
79.42294311523438
97.94711303710938
71.61064910888672
76.41819763183594
78.2193374633789
85.83427429199219
58.21208953857422
68.30875396728516
107.06372833251953
55.954811096191406
67.07207489013672
65.46402740478516
60.427764892578125
56.92472457885742
57.27495574951172
74.42780303955078
64.75611877441406
63.93235778808594
64.01329040527344
52.5892333984375
66.98518371582031
56.050010681152344
56.13170623779297
69.12547302246094
63.07481002807617
52.925941467285156
70.62812805175781
60.53730773925781
56.105628967285156
57.61420440673828
72.92245483398438
51.085960388183594
58.35502243041992
61.17144775390625
61.32074737548828
57.150001525878906
60.13926315307617
55.962921142578125
55.666709899902344
61.362342834472656
69.53678894042969
63.264060974121094
54.663246154785156
51.87895202636719
59.23518371582031
46.19881057739258
53.64698028564453
42.303226470947266
67.72026824951172
51.56896209716797
44.92115020751953
43.93732833862305
50.856449127197266
51.68288040161133
45.72739028930664
66.14666748046875
51.59899139404297
48.31719970703125
49.76947784423828
54.12779235839844
52.18323516845703
45.67931365966797
40.633522033691406
52.13019561767578
57.92584228515625
61.62811279296875
47.503822326660156
49.112770080566406
42.36425018310547
48.47716522216797
59.843482971191406
44.097145080566406
47.75815963745117
61.69672393798828
54.812801361083984
49.959022521972656
48.49645233154297
43.5731201171875
40.5230598449707
46.27477264404297
43.01614761352539
50.34506607055664
50.78878402709961
63.00644302368164
48.520713806152344
50.49237823486328
56.54351043701172
47.692195892333984
40.433841705322266
51.669437408447266
41.059486389160156
45.836082458496094
44.243751525878906
42.63423156738281
45.988487243652344
36.530887603759766
50.99303436279297
42.3438606262207
48.68373107910156
49.789276123046875
43.0220947265625
37.70763397216797
39.440696716308594
40.232948303222656
52.33043670654297
39.0764045715332
53.627899169921875
44.240875244140625
40.756126403808594
39.726898193359375
42.70819854736328
41.234947204589844
40.52071762084961
43.02161407470703
40.83439636230469
45.85726547241211
39.70714569091797
40.042259216308594
34.74714660644531
42.39115905761719
41.326866149902344
40.792236328125
34.3733024597168
38.70979309082031
31.061277389526367
37.953895568847656
41.93767547607422
35.602149963378906
41.359703063964844
45.707637786865234
38.510536193847656
34.807830810546875
38.73638153076172
35.867366790771484
34.463470458984375
37.74421691894531
39.08782196044922
29.406801223754883
37.983489990234375
33.57653045654297
33.45068359375
39.249454498291016
34.341758728027344
43.70985412597656
36.448150634765625
31.713485717773438
38.3763542175293
37.33992004394531
44.894317626953125
37.212867736816406
38.38655090332031
37.82071304321289
40.731658935546875
33.42396545410156
35.91747283935547
35.120914459228516
37.911285400390625
41.805076599121094
30.34066390991211
30.70648956298828
32.685176849365234
38.06062316894531
39.065433502197266
30.742963790893555
65.19932556152344
36.0708122253418
35.26165008544922
29.86736488342285
46.888004302978516
53.232749938964844
41.313331604003906
33.97229766845703
38.666221618652344
31.558147430419922
34.83512878417969
35.420982360839844
41.04621887207031
36.32775115966797
36.01393508911133
35.18367385864258
30.720291137695312
37.94158172607422
34.22637939453125
50.37153625488281
33.413719177246094
29.697219848632812
40.01781463623047
30.609283447265625
32.457664489746094
33.175994873046875
36.79230499267578
31.327041625976562
35.847843170166016
31.67440414428711
28.836515426635742
34.82786178588867
28.80373764038086
29.107933044433594
39.28171157836914
35.90729522705078
36.16437911987305
32.79115295410156
28.379806518554688
31.79735565185547
29.59079360961914
28.150047302246094
31.07119369506836
30.187564849853516
36.02408218383789
31.03815460205078
34.43537139892578
39.4114990234375
30.85671615600586
34.67843246459961
32.50086212158203
38.13076400756836
36.33409881591797
29.564929962158203
29.90746307373047
25.70969581604004
25.994640350341797
27.880374908447266
32.14279556274414
29.410987854003906
28.519315719604492
28.13184928894043
22.25201416015625
27.211942672729492
30.719520568847656
36.472267150878906
26.601062774658203
27.852197647094727
41.70072555541992
45.416038513183594
34.4771842956543
33.83079528808594
28.4864501953125
33.31385803222656
28.133216857910156
29.034889221191406
28.44793701171875
30.739856719970703
26.61635971069336
24.122764587402344
29.875797271728516
52.74738311767578
25.896289825439453
27.092336654663086
30.151607513427734
26.167085647583008
25.538469314575195
25.582683563232422
30.210933685302734
29.55485725402832
35.835994720458984
30.113861083984375
28.836620330810547
25.221118927001953
30.186304092407227
28.136356353759766
31.094823837280273
31.69904136657715
28.422908782958984
32.20233917236328
29.910892486572266
31.657489776611328
36.56947326660156
29.37305450439453
23.337841033935547
27.345584869384766
24.949243545532227
27.62289810180664
31.068073272705078
25.827463150024414
29.20574951171875
24.023517608642578
26.37102508544922
28.184297561645508
29.546201705932617
34.20433044433594
23.89697265625
29.26148796081543
29.34450340270996
29.4317569732666
34.74544143676758
25.54819107055664
25.739116668701172
24.436946868896484
29.131553649902344
25.537734985351562
19.916885375976562
31.981813430786133
27.34548568725586
30.574268341064453
29.246862411499023
29.48715591430664
25.421064376831055
25.00481414794922
28.20053482055664
24.082077026367188
29.261112213134766
25.16610336303711
22.514873504638672
22.704696655273438
24.181276321411133
29.331785202026367
24.154708862304688
26.976160049438477
22.841381072998047
21.218502044677734
25.355268478393555
26.551868438720703
17.04438018798828
40.17869567871094
29.748855590820312
29.276161193847656
21.247087478637695
23.944461822509766
23.30521011352539
27.872665405273438
24.98656463623047
23.79998016357422
23.060466766357422
26.365966796875
30.644969940185547
27.36273193359375
25.04126739501953
29.759082794189453
32.752437591552734
22.378602981567383
23.177635192871094
29.940635681152344
32.35048294067383
26.353038787841797
30.08314323425293
29.54228401184082
26.412025451660156
27.645095825195312
32.31344985961914
23.051013946533203
34.51359558105469
24.331127166748047
34.42702865600586
28.521770477294922
33.848968505859375
32.287879943847656
32.025447845458984
27.586326599121094
23.603118896484375
31.274206161499023
31.022563934326172
28.21539306640625
32.122703552246094
36.06793212890625
30.653818130493164
31.166259765625
26.162147521972656
25.25876808166504
21.500612258911133
31.68157386779785
23.22446060180664
24.979938507080078
33.666751861572266
26.928152084350586
22.95967674255371
28.62572479248047
20.491737365722656
31.074443817138672
24.84743881225586
23.553173065185547
25.275590896606445
24.86785125732422
33.196556091308594
26.746471405029297
26.765277862548828
21.15289878845215
22.095998764038086
28.14303970336914
20.209566116333008
23.00937271118164
28.337013244628906
18.372535705566406
25.646181106567383
21.299772262573242
30.78139877319336
28.810314178466797
25.278057098388672
25.296188354492188
25.398509979248047
31.462032318115234
21.700782775878906
22.679691314697266
19.8200626373291
25.329940795898438
24.88511085510254
21.389408111572266
38.810184478759766
23.102678298950195
21.093935012817383
23.28421401977539
21.02764129638672
21.98186492919922
36.006717681884766
20.05201530456543
19.457637786865234
23.215457916259766
27.655427932739258
24.069061279296875
26.973217010498047
21.638473510742188
24.981050491333008
25.876869201660156
19.95781135559082
23.15261459350586
21.11251449584961
25.100542068481445
19.795907974243164
24.848888397216797
19.846588134765625
22.85381317138672
21.87517738342285
31.995670318603516
33.125736236572266
23.527462005615234
24.576019287109375
24.28998374938965
19.63396453857422
21.571311950683594
26.324634552001953
20.177234649658203
28.920631408691406
19.603740692138672
25.584814071655273
23.738222122192383
19.575130462646484
19.952238082885742
25.393423080444336
25.90323257446289
15.738353729248047
18.30565643310547
28.657989501953125
19.139892578125
33.084190368652344
25.09522247314453
20.672382354736328
21.080873489379883
20.154062271118164
25.038047790527344
22.54006576538086
19.727806091308594
18.97427749633789
21.631576538085938
21.933053970336914
20.04136085510254
22.50530433654785
24.70734405517578
29.386781692504883
19.901309967041016
20.428865432739258
28.746971130371094
16.170942306518555
26.18059539794922
18.833736419677734
29.378252029418945
19.184951782226562
20.07375144958496
23.21434211730957
27.31065559387207
19.265869140625
18.77083969116211
25.36139488220215
19.5675106048584
22.59930992126465
25.619314193725586
26.01249122619629
21.970048904418945
18.60672378540039
18.836162567138672
28.732288360595703
19.642333984375
27.042495727539062
29.495174407958984
18.796100616455078
25.447620391845703
21.45293426513672
23.52665901184082
16.733509063720703
17.442615509033203
21.896522521972656
20.455631256103516
20.531753540039062
22.087646484375
21.506223678588867
18.34540557861328
19.547210693359375
20.200984954833984
31.087017059326172
20.106687545776367
22.72026824951172
19.829818725585938
25.7813777923584
19.667644500732422
21.780559539794922
41.70869445800781
29.685070037841797
20.737424850463867
19.53934097290039
21.77588653564453
21.003868103027344
20.765146255493164
26.76388931274414
28.24245834350586
18.922096252441406
18.372615814208984
23.939224243164062
16.294645309448242
20.713293075561523
18.07940673828125
19.037673950195312
17.682384490966797
19.123058319091797
19.82001304626465
17.431377410888672
16.17736053466797
16.16889190673828
25.39809799194336
14.322111129760742
18.79581069946289
24.849231719970703
16.455211639404297
23.8157958984375
24.24818229675293
19.19293975830078
20.38242530822754
20.15033531188965
16.38524627685547
19.837339401245117
20.218578338623047
20.89801788330078
16.753177642822266
16.900672912597656
21.45175552368164
26.20583724975586
14.924101829528809
15.567070960998535
18.807579040527344
24.58531951904297
20.194753646850586
22.79642105102539
20.005435943603516
20.80990219116211
20.191509246826172
16.698163986206055
23.93472671508789
20.562301635742188
17.846284866333008
23.29054832458496
21.72747802734375
17.72838592529297
24.553485870361328
20.00593376159668
16.54356575012207
16.845752716064453
18.337797164916992
19.390132904052734
17.01602554321289
17.286149978637695
18.27574920654297
23.588905334472656
21.84568977355957
23.909629821777344
18.420507431030273
20.16710662841797
17.41107940673828
19.39229393005371
19.161598205566406
21.127029418945312
21.565353393554688
19.186748504638672
20.4512939453125
20.001602172851562
16.79682159423828
22.179203033447266
27.56732940673828
13.927783966064453
16.539491653442383
18.56161880493164
17.787353515625
23.324020385742188
20.12896728515625
17.736318588256836
19.65105438232422
24.6084041595459
19.105247497558594
19.173110961914062
20.827299118041992
27.859960556030273
16.854209899902344
24.263137817382812
18.1166934967041
17.73650360107422
20.68670082092285
20.28399085998535
19.842037200927734
20.0330810546875
24.75879669189453
22.939462661743164
16.96805763244629
18.68930435180664
23.692527770996094
20.150177001953125
17.740238189697266
17.624052047729492
16.558338165283203
16.843477249145508
17.914794921875
28.773395538330078
16.36227035522461
15.401694297790527
22.406766891479492
18.456695556640625
20.864952087402344
20.15037727355957
14.799034118652344
19.419843673706055
17.088306427001953
20.24789047241211
17.945363998413086
15.692734718322754
21.64162826538086
20.886423110961914
19.860729217529297
18.74453353881836
16.16596221923828
19.306631088256836
26.83277130126953
15.502473831176758
17.787052154541016
19.757848739624023
20.33492660522461
18.66724395751953
19.482376098632812
16.391826629638672
14.448959350585938
26.68213653564453
22.216079711914062
16.639358520507812
26.139636993408203
18.73485565185547
16.44172477722168
20.75922966003418
21.129520416259766
19.089839935302734
16.138639450073242
19.99428939819336
17.887266159057617
16.09417724609375
15.496824264526367
25.78717041015625
18.644775390625
18.35148048400879
15.854463577270508
17.25579071044922
19.790191650390625
16.645484924316406
21.392580032348633
17.7313175201416
14.112458229064941
17.28069496154785
17.311725616455078
20.054712295532227
18.461803436279297
14.992790222167969
15.466208457946777
16.993764877319336
17.125560760498047
16.939746856689453
20.759265899658203
22.659809112548828
18.03130531311035
23.197551727294922
14.51557731628418
19.85228157043457
19.2864990234375
16.687824249267578
17.626766204833984
19.91958999633789
19.945480346679688
17.93061065673828
22.25021743774414
15.358100891113281
16.28117561340332
13.416482925415039
14.775100708007812
19.114896774291992
14.652255058288574
15.045156478881836
14.339576721191406
17.520179748535156
16.9794864654541
16.85772705078125
21.615772247314453
16.46476173400879
15.664796829223633
14.347562789916992
15.236892700195312
15.98283863067627
19.606639862060547
13.941661834716797
13.807374954223633
26.549476623535156
14.42924976348877
19.204456329345703
17.405685424804688
22.52503776550293
16.659086227416992
19.32392120361328
24.17815399169922
17.371959686279297
16.74951934814453
16.351102828979492
17.359760284423828
15.101062774658203
11.264034271240234
15.660903930664062
18.846086502075195
19.01812744140625
14.462305068969727
15.052841186523438
18.37921142578125
19.5047550201416
17.35626220703125
18.49523162841797
12.859682083129883
14.569648742675781
15.844237327575684
12.672910690307617
18.142444610595703
15.60683822631836
15.834623336791992
15.323101043701172
12.930142402648926
13.186128616333008
16.233524322509766
14.385534286499023
18.133804321289062
17.188358306884766
11.551302909851074
11.84758186340332
15.019283294677734
15.469534873962402
12.826215744018555
21.96648406982422
13.873290061950684
14.59400463104248
18.073959350585938
19.70862579345703
16.813678741455078
16.845827102661133
16.46935272216797
15.088604927062988
22.582725524902344
16.56485366821289
19.700225830078125
23.585941314697266
12.268423080444336
17.32601547241211
14.730897903442383
19.898658752441406
15.199241638183594
21.242170333862305
17.025257110595703
16.383731842041016
17.908668518066406
19.230789184570312
18.131420135498047
17.365922927856445
18.31725311279297
16.666858673095703
17.15873908996582
12.353249549865723
14.15914535522461
13.811599731445312
15.012092590332031
13.412864685058594
18.794111251831055
14.928071975708008
16.381858825683594
13.177886962890625
15.835124969482422
17.129817962646484
16.077987670898438
14.64085578918457
16.00003433227539
17.005495071411133
13.450364112854004
15.954816818237305
17.621726989746094
11.869443893432617
15.74972915649414
15.484220504760742
15.596696853637695
11.940073013305664
11.792218208312988
18.158939361572266
17.494022369384766
10.772333145141602
14.68759822845459
13.362646102905273
14.11174201965332
18.910017013549805
18.023706436157227
14.771439552307129
13.071783065795898
13.643217086791992
27.334461212158203
14.954423904418945
13.039789199829102
16.228769302368164
20.076021194458008
14.596793174743652
15.411198616027832
13.563926696777344
12.894035339355469
14.191664695739746
17.09008026123047
14.992002487182617
12.504288673400879
16.297748565673828
13.099686622619629
15.345317840576172
20.438697814941406
14.844521522521973
15.394554138183594
15.3294677734375
15.076462745666504
14.030194282531738
17.2718563079834
14.80208683013916
15.347360610961914
14.697752952575684
18.887489318847656
19.513671875
12.491352081298828
15.879861831665039
16.308637619018555
18.429363250732422
14.822687149047852
16.790225982666016
13.609477996826172
25.501216888427734
16.120704650878906
17.247211456298828
14.63986587524414
17.18923568725586
14.893789291381836
16.510236740112305
20.659067153930664
15.474082946777344
16.146224975585938
17.712339401245117
12.883438110351562
18.445154190063477
17.779205322265625
14.914741516113281
13.525074005126953
21.61598777770996
14.288579940795898
20.773082733154297
16.804981231689453
14.650651931762695
17.092830657958984
18.414752960205078
14.361434936523438
13.09428596496582
16.06003189086914
17.10954475402832
18.264999389648438
14.819845199584961
14.328821182250977
13.861335754394531
14.075275421142578
17.494415283203125
23.19198989868164
15.256044387817383
15.383952140808105
16.739673614501953
17.885662078857422
15.531146049499512
16.868755340576172
15.333343505859375
12.553522109985352
21.314327239990234
16.071414947509766
13.65107536315918
31.885894775390625
14.227967262268066
19.74195671081543
17.944473266601562
13.570625305175781
18.54395294189453
20.224071502685547
19.968650817871094
16.617725372314453
17.351425170898438
19.923629760742188
15.410049438476562
24.377178192138672
18.62765121459961
13.945653915405273
15.087360382080078
13.086830139160156
15.723737716674805
26.24370574951172
17.10720443725586
19.653018951416016
15.347894668579102
17.494239807128906
18.54233741760254
15.433792114257812
15.32033634185791
16.502225875854492
25.721195220947266
14.922295570373535
13.74703598022461
17.97061538696289
12.97720718383789
14.614466667175293
16.113187789916992
15.488262176513672
14.442675590515137
13.163146018981934
16.27011489868164
15.869796752929688
14.682235717773438
15.710033416748047
18.857288360595703
14.979331970214844
16.965675354003906
17.84972381591797
14.169233322143555
19.00006103515625
16.038793563842773
15.869482040405273
15.223037719726562
12.536012649536133
12.571218490600586
15.777900695800781
17.906665802001953
15.048633575439453
19.939476013183594
16.036840438842773
15.233213424682617
17.32037353515625
16.03870391845703
15.634515762329102
19.736770629882812
16.263288497924805
16.51683807373047
19.233539581298828
13.615804672241211
16.4674072265625
15.724313735961914
12.080499649047852
14.632875442504883
14.706123352050781
15.534551620483398
24.48004722595215
24.904361724853516
18.248443603515625
12.62913703918457
14.278108596801758
16.46514892578125
14.002232551574707
15.712774276733398
22.452102661132812
16.00242805480957
17.95096206665039
17.077529907226562
20.249610900878906
14.64015007019043
14.035440444946289
19.540729522705078
13.589300155639648
14.704215049743652
15.097331047058105
16.111862182617188
18.331954956054688
19.57262420654297
12.047737121582031
19.441326141357422
15.341522216796875
15.110326766967773
14.419490814208984
15.077150344848633
22.480466842651367
14.828532218933105
20.564279556274414
20.269922256469727
13.829787254333496
14.69873046875
15.796823501586914
12.38637638092041
12.552650451660156
13.423395156860352
17.35219955444336
14.984647750854492
20.38875961303711
21.58324432373047
16.08908462524414
21.55209732055664
16.752927780151367
18.96204948425293
18.519466400146484
16.122438430786133
16.574100494384766
16.43033218383789
12.40782356262207
15.693281173706055
14.199896812438965
14.303266525268555
15.689143180847168
18.65316390991211
14.125391006469727
13.309142112731934
11.436792373657227
14.912252426147461
13.922771453857422
13.43266487121582
11.275823593139648
15.988492965698242
19.874460220336914
15.950407028198242
13.069502830505371
15.941906929016113
12.497750282287598
14.319692611694336
13.239541053771973
12.856313705444336
16.97361946105957
17.18572235107422
17.38067626953125
15.008040428161621
12.004362106323242
14.813253402709961
13.856690406799316
13.506609916687012
16.80048370361328
12.757758140563965
13.387819290161133
12.468567848205566
15.829421043395996
14.803735733032227
15.45362663269043
12.17249870300293
14.809072494506836
15.704936027526855
14.782800674438477
14.288469314575195
14.215181350708008
19.089557647705078
14.664191246032715
18.096033096313477
13.810449600219727
15.57783317565918
19.349267959594727
14.569766998291016
17.422725677490234
15.317983627319336
12.21707534790039
14.750831604003906
12.303927421569824
12.294456481933594
15.897916793823242
13.381847381591797
13.273069381713867
17.361064910888672
14.018506050109863
12.20376205444336
16.096893310546875
13.948563575744629
14.315909385681152
15.765118598937988
13.280912399291992
11.814279556274414
13.897110939025879
12.186805725097656
14.751821517944336
16.251741409301758
14.212259292602539
14.734894752502441
15.392305374145508
17.10464096069336
12.903064727783203
17.00554656982422
15.019879341125488
18.499164581298828
12.236037254333496
13.859601974487305
13.57600212097168
15.317182540893555
13.689774513244629
15.398429870605469
20.329124450683594
10.98201847076416
12.753446578979492
12.680257797241211
17.563718795776367
14.972196578979492
17.149829864501953
12.832643508911133
12.401187896728516
13.384244918823242
12.252547264099121
16.427658081054688
18.38770866394043
16.27799415588379
15.94217300415039
12.62964153289795
13.83627700805664
10.730466842651367
10.98593807220459
16.311565399169922
15.81832504272461
14.002957344055176
12.985119819641113
10.381317138671875
12.110940933227539
14.698034286499023
13.513629913330078
13.718969345092773
12.529426574707031
14.233047485351562
14.853801727294922
18.42488670349121
15.584471702575684
12.991111755371094
14.744373321533203
12.5758056640625
14.372257232666016
14.431169509887695
13.798919677734375
10.795867919921875
11.600136756896973
12.686038970947266
10.744314193725586
13.607000350952148
10.856410026550293
14.917479515075684
15.29794979095459
14.937568664550781
12.079490661621094
14.310196876525879
12.35505485534668
14.23706340789795
12.173195838928223
14.679460525512695
12.608673095703125
13.849477767944336
21.659944534301758
13.847797393798828
13.02071762084961
12.028154373168945
12.964563369750977
10.09601879119873
13.345880508422852
15.408370971679688
10.647561073303223
16.621780395507812
13.3172607421875
13.906490325927734
13.209550857543945
17.064346313476562
14.426283836364746
14.767851829528809
13.39860725402832
22.407032012939453
11.72935676574707
12.604747772216797
13.131462097167969
9.704047203063965
13.28714656829834
12.261301040649414
13.574028015136719
15.638925552368164
15.15285873413086
13.598793983459473
14.885141372680664
15.434764862060547
12.470909118652344
11.297849655151367
14.779607772827148
14.123421669006348
14.403241157531738
11.45343017578125
17.03411102294922
10.628255844116211
14.05096435546875
15.734060287475586
13.680983543395996
22.48293685913086
14.82640266418457
17.550779342651367
13.331144332885742
10.923534393310547
19.641429901123047
18.482086181640625
15.004547119140625
15.119267463684082
15.096875190734863
11.92916488647461
15.076947212219238
11.685194969177246
15.284329414367676
12.386848449707031
15.777406692504883
11.706814765930176
12.82661247253418
15.336044311523438
14.090238571166992
14.551401138305664
13.587425231933594
12.129213333129883
12.462041854858398
11.986661911010742
13.469400405883789
12.582674980163574
12.419069290161133
9.224174499511719
11.04088020324707
11.618860244750977
14.797053337097168
10.961359024047852
16.766647338867188
15.148569107055664
15.500940322875977
15.320539474487305
14.631729125976562
13.446864128112793
14.602437019348145
13.488752365112305
13.758122444152832
12.960834503173828
11.615036010742188
11.401126861572266
11.662683486938477
15.002777099609375
11.962453842163086
16.614030838012695
13.08108901977539
13.563514709472656
16.6406192779541
13.115947723388672
11.88475227355957
13.127968788146973
16.01210594177246
16.77960968017578
12.536209106445312
13.485119819641113
15.95761775970459
11.132068634033203
13.746941566467285
12.776762008666992
12.981821060180664
12.954434394836426
14.075392723083496
12.600715637207031
14.998990058898926
11.544403076171875
12.438302993774414
10.28108024597168
12.418018341064453
12.386435508728027
15.374687194824219
15.376632690429688
14.010075569152832
13.31503963470459
12.585819244384766
11.508077621459961
13.202674865722656
12.447371482849121
11.085426330566406
12.099342346191406
12.965256690979004
11.887123107910156
10.675475120544434
14.20155143737793
13.314963340759277
11.879069328308105
15.764632225036621
15.601308822631836
16.77828598022461
12.618099212646484
14.634271621704102
12.220858573913574
15.345307350158691
15.715201377868652
13.892319679260254
12.67361068725586
13.244461059570312
11.225641250610352
13.567194938659668
12.22768783569336
11.945291519165039
12.458171844482422
14.042858123779297
18.514846801757812
15.334535598754883
13.114364624023438
14.575887680053711
14.616996765136719
12.195894241333008
11.247430801391602
12.887092590332031
11.965524673461914
19.086145401000977
13.260693550109863
11.565006256103516
14.444953918457031
14.257579803466797
12.922930717468262
15.850706100463867
13.720834732055664
11.934331893920898
12.16653823852539
15.394766807556152
12.64030933380127
14.916481018066406
17.799327850341797
28.099306106567383
18.01728057861328
14.068746566772461
17.319473266601562
14.447476387023926
11.639142036437988
19.656904220581055
13.152608871459961
17.067596435546875
22.737661361694336
12.48848819732666
14.21982192993164
14.703481674194336
15.605796813964844
14.122659683227539
14.837220191955566
12.306796073913574
16.175830841064453
15.678462028503418
16.53785514831543
17.92032241821289
16.372936248779297
14.671039581298828
12.506534576416016
17.57402801513672
13.402536392211914
13.473088264465332
13.145885467529297
10.412054061889648
13.6514892578125
11.077065467834473
15.51374340057373
16.16095733642578
12.310810089111328
15.17094898223877
12.277542114257812
19.806163787841797
13.280930519104004
15.567366600036621
16.523801803588867
13.972576141357422
13.930530548095703
16.5184268951416
14.769248962402344
13.12550163269043
12.805906295776367
14.727718353271484
16.31907844543457
12.799871444702148
13.3502197265625
13.891464233398438
18.213577270507812
13.90178394317627
13.324588775634766
18.90465545654297
12.001359939575195
16.39020538330078
13.032207489013672
14.666251182556152
11.247522354125977
11.336166381835938
12.991531372070312
11.960987091064453
11.3593111038208
16.026939392089844
16.442630767822266
12.998647689819336
13.180438041687012
14.274876594543457
11.983625411987305
12.858081817626953
11.684786796569824
9.165060043334961
9.383543968200684
11.84497356414795
10.527149200439453
17.921245574951172
18.735733032226562
14.008947372436523
13.44476318359375
12.016376495361328
14.563687324523926
13.113868713378906
11.486089706420898
16.658327102661133
17.230091094970703
12.459449768066406
13.551009178161621
15.159624099731445
13.131086349487305
13.43624496459961
12.503252029418945
12.782740592956543
15.865220069885254
15.33264446258545
20.543617248535156
14.202195167541504
16.880176544189453
9.882966995239258
13.302335739135742
14.327346801757812
11.421136856079102
12.521039009094238
13.882650375366211
15.081154823303223
15.089018821716309
12.620691299438477
13.535039901733398
14.795520782470703
13.67133903503418
13.662576675415039
14.865589141845703
16.5501708984375
13.483567237854004
11.724261283874512
14.131546020507812
10.53053092956543
12.442544937133789
17.18829345703125
15.984006881713867
10.888949394226074
15.329584121704102
13.800168991088867
13.05148696899414
13.905744552612305
20.776243209838867
11.554749488830566
11.389524459838867
15.565916061401367
13.58163070678711
15.909627914428711
12.574485778808594
23.895187377929688
15.190082550048828
17.420345306396484
14.03734016418457
19.745559692382812
15.200071334838867
14.21951675415039
11.355241775512695
14.000479698181152
13.172797203063965
10.649190902709961
13.415343284606934
12.802824020385742
14.924053192138672
11.984195709228516
13.404027938842773
12.198101043701172
11.327606201171875
13.649188041687012
13.71950626373291
11.854447364807129
10.547727584838867
11.78654670715332
11.429712295532227
13.58852767944336
12.727197647094727
15.67575740814209
10.889059066772461
14.387842178344727
16.062911987304688
13.669961929321289
13.276453971862793
11.952707290649414
10.464564323425293
18.095252990722656
13.58895492553711
13.06231689453125
11.930606842041016
14.575176239013672
12.071999549865723
15.465479850769043
12.105087280273438
16.164880752563477
15.922406196594238
12.50367546081543
18.581317901611328
13.189254760742188
12.678099632263184
12.123570442199707
14.329739570617676
20.864994049072266
12.673650741577148
12.428976058959961
12.199451446533203
12.822074890136719
12.93916130065918
10.677116394042969
13.425257682800293
11.328397750854492
14.320657730102539
15.329965591430664
16.754138946533203
17.586990356445312
11.198883056640625
12.695847511291504
12.03271484375
15.024599075317383
17.43570327758789
14.285055160522461
12.766958236694336
14.400504112243652
13.338029861450195
11.63577651977539
9.927300453186035
13.389015197753906
13.552765846252441
12.100015640258789
17.071300506591797
12.70262336730957
13.962367057800293
18.610515594482422
12.591872215270996
13.13128662109375
15.386454582214355
11.874080657958984
13.520511627197266
13.538822174072266
11.233377456665039
13.368152618408203
10.114452362060547
12.52393913269043
13.717733383178711
12.269746780395508
14.813780784606934
9.800117492675781
11.44972038269043
12.406474113464355
9.092819213867188
14.223278999328613
9.246993064880371
10.153482437133789
11.304064750671387
10.720039367675781
13.677181243896484
12.458778381347656
16.06477165222168
11.228346824645996
14.200624465942383
12.481311798095703
17.956697463989258
14.134241104125977
10.993310928344727
10.581022262573242
20.67247772216797
14.220726013183594
13.167308807373047
11.14415168762207
13.985312461853027
10.746549606323242
13.223420143127441
14.310009002685547
14.783432006835938
14.096982955932617
13.76621150970459
10.720620155334473
13.078802108764648
11.548962593078613
9.109058380126953
18.164810180664062
11.336917877197266
14.573734283447266
12.54388427734375
12.664831161499023
12.990572929382324
10.955342292785645
10.910537719726562
12.762808799743652
10.351499557495117
12.594514846801758
14.091276168823242
8.673918724060059
11.495594024658203
11.263992309570312
13.235389709472656
9.234570503234863
13.432754516601562
15.924507141113281
12.780542373657227
12.11406135559082
11.778338432312012
8.815484046936035
13.581230163574219
11.3458833694458
14.349944114685059
10.802556991577148
10.576736450195312
12.595110893249512
11.779842376708984
12.636154174804688
10.896615028381348
18.31226921081543
12.685243606567383
16.073862075805664
15.687234878540039
13.269356727600098
11.274534225463867
10.699260711669922
22.435993194580078
16.89215850830078
12.211194038391113
14.036467552185059
10.55610466003418
13.573473930358887
14.191938400268555
12.3355073928833
11.501880645751953
13.427001953125
15.934211730957031
13.763206481933594
13.97235107421875
13.517541885375977
14.381385803222656
13.349150657653809
18.47249412536621
13.349803924560547
12.713310241699219
12.30926513671875
13.574536323547363
12.39344596862793
11.452293395996094
15.974278450012207
10.489334106445312
12.446237564086914
11.941892623901367
16.392230987548828
15.967353820800781
12.080965042114258
12.141496658325195
13.978069305419922
18.22547149658203
16.286190032958984
12.024423599243164
13.057411193847656
17.322525024414062
13.7046537399292
9.174670219421387
18.649887084960938
14.691640853881836
11.340660095214844
12.682279586791992
13.220771789550781
18.50848388671875
12.34592056274414
12.429912567138672
17.09506607055664
11.936960220336914
14.011853218078613
13.729639053344727
12.040451049804688
11.859572410583496
14.748064041137695
16.307584762573242
14.579453468322754
13.818716049194336
16.58493995666504
11.817623138427734
10.688074111938477
13.41423225402832
16.349346160888672
12.623242378234863
10.984508514404297
13.169498443603516
10.631401062011719
12.084224700927734
12.971171379089355
10.577350616455078
11.236515045166016
10.36461067199707
13.121467590332031
19.329687118530273
17.505924224853516
10.390497207641602
9.414796829223633
9.640892028808594
10.996042251586914
12.466358184814453
10.127817153930664
9.610416412353516
15.126049041748047
12.584887504577637
15.465812683105469
13.867748260498047
14.12869644165039
12.340380668640137
15.1593656539917
11.56678581237793
10.865301132202148
10.712188720703125
12.881013870239258
15.036590576171875
12.801691055297852
13.675759315490723
14.865577697753906
17.809040069580078
9.169574737548828
13.29714584350586
12.428337097167969
10.47046947479248
14.133874893188477
11.284156799316406
14.75307559967041
20.786630630493164
17.180702209472656
11.411879539489746
12.193564414978027
12.48127555847168
9.9884033203125
18.668792724609375
12.92662239074707
12.777647018432617
13.608033180236816
15.316499710083008
11.916970252990723
12.38203239440918
15.420190811157227
13.382049560546875
11.79078483581543
10.680459022521973
12.631649017333984
13.298885345458984
11.110798835754395
12.665452003479004
11.942512512207031
10.757332801818848
11.969528198242188
11.936582565307617
11.303765296936035
15.62466812133789
11.472585678100586
13.020151138305664
9.673977851867676
13.633204460144043
15.674495697021484
11.666712760925293
12.21389389038086
12.266557693481445
12.238748550415039
12.939437866210938
10.010658264160156
10.601476669311523
12.673587799072266
12.350740432739258
10.309135437011719
15.47726058959961
11.863439559936523
15.395309448242188
12.013583183288574
13.09178638458252
11.463098526000977
11.097382545471191
13.59984016418457
12.675094604492188
16.837078094482422
11.60484790802002
11.598424911499023
13.581144332885742
9.426360130310059
10.107765197753906
13.623625755310059
12.954293251037598
12.187820434570312
12.262048721313477
12.97694206237793
18.034685134887695
15.924976348876953
12.367179870605469
10.949037551879883
14.697461128234863
13.811161041259766
13.22425365447998
13.04250717163086
12.149309158325195
11.686511039733887
8.99858283996582
10.45371150970459
10.006647109985352
15.958502769470215
9.997248649597168
10.769288063049316
11.436805725097656
12.641274452209473
11.728872299194336
11.307222366333008
10.77012825012207
20.322372436523438
11.16991901397705
12.635136604309082
13.30534553527832
13.81218433380127
11.175095558166504
11.67815113067627
11.425890922546387
11.539039611816406
11.908367156982422
9.149961471557617
9.798456192016602
11.290849685668945
11.728652954101562
15.231319427490234
10.970985412597656
10.391897201538086
11.758126258850098
10.837139129638672
12.805014610290527
10.670125961303711
12.983686447143555
12.72252082824707
13.205023765563965
12.756364822387695
11.342269897460938
12.228297233581543
12.107725143432617
12.56052017211914
11.882753372192383
13.158021926879883
11.464065551757812
12.760871887207031
11.51630973815918
13.834834098815918
10.372737884521484
11.387192726135254
8.393509864807129
13.838775634765625
26.987003326416016
18.705459594726562
17.194393157958984
13.536895751953125
14.138272285461426
12.494163513183594
12.24779987335205
17.40839385986328
16.2279052734375
13.419224739074707
15.427397727966309
15.312341690063477
15.553747177124023
10.525857925415039
9.385320663452148
12.349245071411133
16.024442672729492
13.324318885803223
12.879124641418457
11.60306453704834
12.521371841430664
12.333026885986328
11.623720169067383
14.51952075958252
10.572015762329102
12.693137168884277
14.402656555175781
13.287501335144043
15.028681755065918
14.892178535461426
12.910929679870605
13.279528617858887
11.832950592041016
14.562604904174805
18.760217666625977
13.308187484741211
12.266770362854004
12.862396240234375
16.109228134155273
12.512628555297852
12.483250617980957
14.039970397949219
12.118757247924805
16.480125427246094
14.66549015045166
10.4755220413208
8.01282024383545
10.573156356811523
9.27096939086914
10.710954666137695
12.272859573364258
10.600249290466309
11.184795379638672
9.672887802124023
14.459428787231445
10.34853744506836
12.570188522338867
9.974245071411133
10.946844100952148
12.772758483886719
14.243574142456055
10.001729965209961
16.986093521118164
16.767841339111328
12.522053718566895
12.494308471679688
11.892608642578125
12.38467025756836
13.438940048217773
13.145584106445312
13.076534271240234
13.577576637268066
21.855327606201172
17.845027923583984
8.809266090393066
14.727346420288086
12.433453559875488
12.862472534179688
13.000030517578125
13.896106719970703
11.724096298217773
12.648865699768066
11.662569046020508
10.787382125854492
10.998339653015137
13.170412063598633
9.906753540039062
12.111214637756348
11.614531517028809
15.363641738891602
10.86159896850586
13.802885055541992
12.507925987243652
14.054931640625
17.90800666809082
15.02193832397461
14.2064208984375
13.588939666748047
10.334575653076172
15.962031364440918
10.016101837158203
11.767480850219727
8.810836791992188
16.034446716308594
12.243982315063477
14.430133819580078
15.798887252807617
11.965559005737305
10.494462966918945
15.091461181640625
12.170097351074219
13.985886573791504
11.224008560180664
11.547554016113281
14.300503730773926
15.860694885253906
16.704700469970703
12.016531944274902
10.883472442626953
10.88259220123291
12.90890121459961
14.494144439697266
7.7233381271362305
11.623119354248047
11.830041885375977
18.99755096435547
11.510871887207031
13.203178405761719
10.191207885742188
11.784704208374023
13.628156661987305
12.007315635681152
11.885703086853027
14.787702560424805
12.299458503723145
11.483278274536133
12.001653671264648
10.828181266784668
9.76561450958252
10.409181594848633
10.668313026428223
13.009987831115723
13.536890983581543
10.452255249023438
8.701702117919922
8.508004188537598
10.96302604675293
10.724874496459961
19.525245666503906
11.781227111816406
10.868793487548828
11.7723388671875
13.056020736694336
12.782454490661621
10.166468620300293
11.080181121826172
13.573936462402344
9.715201377868652
11.775232315063477
12.717521667480469
11.208086967468262
8.644593238830566
13.567011833190918
10.74721622467041
10.712926864624023
11.503520011901855
9.4601469039917
11.919116973876953
13.464482307434082
13.253658294677734
9.584919929504395
11.155145645141602
11.54783821105957
11.1184720993042
12.73127555847168
16.582019805908203
9.097912788391113
14.275263786315918
10.863033294677734
13.444112777709961
11.765607833862305
11.425760269165039
9.491094589233398
9.515504837036133
12.809938430786133
12.14152717590332
10.310041427612305
11.327360153198242
10.957906723022461
9.950908660888672
11.933892250061035
12.422590255737305
11.5128173828125
10.621777534484863
15.466622352600098
9.489570617675781
10.846531867980957
12.108792304992676
11.082955360412598
11.641897201538086
12.49606990814209
12.011846542358398
12.029618263244629
11.382675170898438
13.116605758666992
11.573514938354492
9.405219078063965
11.895045280456543
10.138070106506348
9.933488845825195
12.74394416809082
11.873705863952637
10.503101348876953
9.311269760131836
13.44948959350586
10.521919250488281
11.624980926513672
11.734041213989258
11.565689086914062
12.840474128723145
12.991678237915039
10.904253005981445
10.9422607421875
10.794194221496582
12.591773986816406
13.904011726379395
9.939844131469727
12.968735694885254
14.853713989257812
14.104280471801758
13.946052551269531
16.725454330444336
13.715100288391113
13.012928009033203
10.058405876159668
14.353215217590332
11.029480934143066
11.928532600402832
13.622736930847168
16.186269760131836
11.039571762084961
11.864873886108398
11.47502326965332
13.569194793701172
13.287399291992188
12.140413284301758
10.629884719848633
11.884940147399902
13.406831741333008
13.04265022277832
13.48123550415039
10.556245803833008
13.769451141357422
14.14676284790039
9.108596801757812
12.107574462890625
9.627254486083984
9.061525344848633
9.89366340637207
12.348431587219238
15.845022201538086
10.421494483947754
10.249429702758789
11.12890338897705
9.361542701721191
13.860780715942383
13.103790283203125
13.808643341064453
12.923648834228516
11.821733474731445
13.71505355834961
11.075566291809082
11.500770568847656
13.062655448913574
11.880775451660156
13.017997741699219
18.48969268798828
13.994733810424805
11.28277587890625
10.63297176361084
11.867266654968262
11.570173263549805
12.143487930297852
9.921464920043945
13.069504737854004
13.092405319213867
12.129096984863281
12.204286575317383
17.4132080078125
10.578441619873047
11.867117881774902
10.332365036010742
9.076603889465332
10.936025619506836
13.56496524810791
11.68936538696289
10.879985809326172
11.755484580993652
11.500600814819336
14.49652099609375
12.336097717285156
12.503044128417969
11.039812088012695
12.138916015625
14.303507804870605
10.222600936889648
11.28614616394043
10.033269882202148
10.843221664428711
12.908074378967285
10.149888038635254
8.652261734008789
12.97827434539795
13.907706260681152
11.835888862609863
11.034761428833008
14.55014705657959
8.756248474121094
10.416853904724121
14.355447769165039
10.70840072631836
13.947336196899414
11.689799308776855
11.393880844116211
15.975651741027832
11.26368522644043
14.120107650756836
10.431570053100586
15.638696670532227
9.589851379394531
10.103517532348633
11.553171157836914
13.893242835998535
9.731521606445312
10.8799409866333
12.409703254699707
12.566984176635742
11.325439453125
10.17908000946045
11.927654266357422
13.726726531982422
11.593852996826172
12.091960906982422
13.745786666870117
11.253018379211426
11.164813041687012
11.398552894592285
12.104433059692383
10.636130332946777
10.552841186523438
10.380249977111816
12.056506156921387
10.178239822387695
11.418599128723145
9.910831451416016
16.033218383789062
10.137914657592773
11.884208679199219
13.372564315795898
8.962783813476562
11.201834678649902
11.201366424560547
12.013056755065918
10.210281372070312
7.9598283767700195
10.32017707824707
9.733073234558105
11.390443801879883
11.170536041259766
9.908016204833984
10.759209632873535
9.19554615020752
10.376152038574219
8.779029846191406
16.070804595947266
10.505906105041504
11.730424880981445
9.286771774291992
9.109704971313477
11.279328346252441
10.049139022827148
10.343955993652344
9.553245544433594
14.499349594116211
10.010759353637695
11.382758140563965
14.097453117370605
13.074130058288574
11.396102905273438
10.70075798034668
11.854012489318848
11.656611442565918
13.79849624633789
10.28244400024414
14.709592819213867
10.256285667419434
8.693734169006348
13.296051025390625
13.197999000549316
14.015003204345703
11.801875114440918
10.505485534667969
12.621705055236816
12.187371253967285
10.03132438659668
11.59188461303711
15.025858879089355
10.895121574401855
11.29698657989502
13.546566009521484
11.482453346252441
8.803976058959961
16.209014892578125
16.485965728759766
13.478705406188965
11.959712028503418
10.522476196289062
14.249589920043945
12.456441879272461
10.859661102294922
10.834346771240234
11.318180084228516
11.666074752807617
9.433448791503906
13.64236831665039
10.294235229492188
11.65019416809082
11.198453903198242
9.313943862915039
12.402673721313477
11.434560775756836
10.392576217651367
11.956802368164062
11.00545883178711
10.681547164916992
16.856740951538086
14.749452590942383
10.3367919921875
15.933196067810059
10.987398147583008
13.802732467651367
15.86628246307373
10.750832557678223
12.12555980682373
10.60941219329834
10.345685958862305
11.214958190917969
11.67646598815918
10.799718856811523
12.427040100097656
10.366811752319336
10.216291427612305
10.194283485412598
17.53307342529297
10.904369354248047
12.558609008789062
11.531270980834961
10.146774291992188
9.902389526367188
9.371176719665527
12.770954132080078
15.191017150878906
10.106058120727539
9.591773986816406
10.407794952392578
13.371078491210938
9.626325607299805
12.805639266967773
14.108001708984375
9.899667739868164
10.650214195251465
12.055391311645508
10.880855560302734
13.099957466125488
11.122703552246094
11.778547286987305
13.2532320022583
9.50058364868164
8.601770401000977
11.385112762451172
10.126874923706055
12.216203689575195
9.742457389831543
11.72512435913086
11.665980339050293
13.776866912841797
12.571020126342773
11.618059158325195
10.028617858886719
12.716348648071289
10.94338607788086
11.231217384338379
11.911230087280273
16.69147491455078
9.362154006958008
11.613313674926758
11.4293794631958
13.869331359863281
11.947561264038086
10.185029029846191
9.918594360351562
10.728438377380371
11.756799697875977
14.940135955810547
13.074687957763672
11.043710708618164
8.837881088256836
9.864725112915039
11.179749488830566
10.8919038772583
12.611759185791016
11.533177375793457
9.422677993774414
10.7664213180542
12.397590637207031
12.144124984741211
12.475955963134766
9.621810913085938
10.657365798950195
11.01927375793457
12.41433048248291
10.716328620910645
10.353654861450195
11.01205825805664
15.94992733001709
11.779037475585938
9.41620922088623
9.094993591308594
11.434022903442383
9.224787712097168
13.95450210571289
11.2362642288208
11.425779342651367
14.666748046875
11.37469482421875
11.558246612548828
9.149025917053223
8.584547996520996
10.959976196289062
10.103500366210938
14.933923721313477
11.703451156616211
10.825477600097656
11.990163803100586
9.370174407958984
13.041025161743164
9.2239351272583
9.098356246948242
10.626583099365234
10.083478927612305
12.29114055633545
10.912613868713379
8.208990097045898
9.507217407226562
15.237382888793945
11.253500938415527
10.114774703979492
10.848322868347168
10.5335111618042
10.663900375366211
11.472763061523438
10.435079574584961
11.22368335723877
10.041976928710938
10.437895774841309
8.295621871948242
10.401514053344727
10.551724433898926
8.334548950195312
9.357715606689453
11.183205604553223
11.698699951171875
10.136758804321289
7.850183963775635
9.37452220916748
10.203733444213867
9.622431755065918
9.2137451171875
10.266497611999512
10.707807540893555
9.062305450439453
9.589746475219727
11.82320499420166
11.459600448608398
9.808334350585938
11.416419982910156
6.593105792999268
8.088964462280273
11.064140319824219
10.727031707763672
7.983882904052734
9.699112892150879
9.636871337890625
9.714041709899902
8.950406074523926
12.151395797729492
9.779223442077637
10.096294403076172
11.82664680480957
11.047769546508789
11.676119804382324
11.135411262512207
9.528011322021484
11.142173767089844
8.849002838134766
11.230396270751953
12.29632568359375
9.903448104858398
15.09975814819336
11.540313720703125
12.069422721862793
10.927993774414062
11.117140769958496
10.75499153137207
10.283758163452148
9.438101768493652
8.021230697631836
12.084819793701172
13.304520606994629
11.156510353088379
10.154898643493652
11.887939453125
9.846221923828125
10.82756233215332
13.100979804992676
12.721312522888184
10.823432922363281
10.61912727355957
12.286827087402344
10.863448143005371
10.813502311706543
13.204011917114258
10.830971717834473
17.029687881469727
11.530500411987305
9.481972694396973
12.146472930908203
9.1907377243042
11.287175178527832
8.6915283203125
10.378948211669922
9.855010032653809
10.990062713623047
10.048101425170898
12.166152954101562
9.938331604003906
14.59135913848877
11.991172790527344
10.367484092712402
9.428988456726074
9.72575569152832
9.578028678894043
11.865234375
11.771594047546387
10.203258514404297
11.606038093566895
10.73475170135498
16.027280807495117
11.621857643127441
13.317047119140625
10.271224975585938
11.280786514282227
13.703099250793457
8.648178100585938
11.024065017700195
15.195652961730957
12.016602516174316
12.206329345703125
13.352968215942383
11.695253372192383
16.85811996459961
11.029664039611816
11.4368896484375
12.253338813781738
9.48320198059082
9.538769721984863
15.526697158813477
11.787473678588867
11.485734939575195
11.386642456054688
9.045132637023926
12.448862075805664
13.312532424926758
13.051687240600586
10.979808807373047
11.579248428344727
12.612241744995117
10.40125846862793
10.311725616455078
10.833024978637695
10.522379875183105
10.755012512207031
8.11393928527832
9.563607215881348
14.91727066040039
9.947739601135254
11.03402328491211
9.577437400817871
12.435094833374023
17.80387306213379
9.832369804382324
11.632225036621094
11.095495223999023
10.477008819580078
11.021883010864258
13.664070129394531
10.856142044067383
12.00375747680664
12.951908111572266
15.664474487304688
12.454198837280273
9.332398414611816
11.24622917175293
8.424674987792969
11.417472839355469
10.136846542358398
12.003806114196777
8.31847858428955
10.305859565734863
7.659818649291992
9.571979522705078
9.730148315429688
15.69456672668457
10.120223045349121
10.81822395324707
8.026172637939453
8.918508529663086
8.116195678710938
9.715848922729492
8.104764938354492
7.82853889465332
8.595186233520508
10.469100952148438
7.499506950378418
6.959122180938721
8.260051727294922
6.632373809814453
6.692704200744629
10.542890548706055
6.287572860717773
6.817866802215576
6.87620735168457
12.138856887817383
7.5872087478637695
7.9958720207214355
6.938538551330566
9.972623825073242
7.923219680786133
6.376349925994873
6.85786771774292
7.625013828277588
7.814393997192383
10.661120414733887
9.75142765045166
7.922231674194336
7.0212554931640625
9.138608932495117
9.288785934448242
9.087034225463867
7.783992767333984
6.717412948608398
9.021637916564941
8.686466217041016
7.785889625549316
6.738099098205566
7.622438430786133
7.470343589782715
9.88794994354248
7.222600936889648
6.3464860916137695
8.385043144226074
7.466910362243652
8.284029006958008
6.995274543762207
7.228310585021973
6.616532325744629
8.261810302734375
10.418574333190918
6.872367858886719
7.235842227935791
7.692038536071777
8.9871187210083
8.487302780151367
16.166603088378906
8.454020500183105
6.972812652587891
8.204811096191406
6.2525434494018555
7.294740676879883
5.817842483520508
8.641465187072754
8.276287078857422
9.099206924438477
6.946598529815674
7.322016716003418
6.914968490600586
6.637063026428223
7.35850715637207
8.200910568237305
9.318253517150879
6.202314376831055
7.061826229095459
7.388725280761719
7.6469855308532715
5.728297233581543
6.8017120361328125
5.805980205535889
5.529749870300293
6.753783226013184
6.8657026290893555
6.794415473937988
8.513577461242676
5.870552062988281
6.840778350830078
5.161201477050781
5.710778713226318
6.199807643890381
5.547036647796631
6.821722984313965
5.671429634094238
7.254132270812988
6.429678916931152
5.773157119750977
6.920884609222412
6.152565002441406
5.53536319732666
5.808950424194336
9.130352973937988
5.1711626052856445
5.595007419586182
7.179941654205322
9.42095947265625
7.265100955963135
7.521996974945068
6.4100189208984375
8.76504898071289
5.689310073852539
6.943998336791992
7.924696922302246
7.925416469573975
8.451016426086426
9.548192977905273
6.907848358154297
6.845708847045898
6.070379257202148
8.834381103515625
7.25490665435791
8.966039657592773
5.974259376525879
7.522928714752197
8.002897262573242
9.378984451293945
7.217531681060791
8.77975845336914
6.606565475463867
7.249904632568359
9.188963890075684
6.246417999267578
7.571881294250488
7.478524208068848
8.411394119262695
6.62617826461792
5.499631881713867
6.585083961486816
10.701189041137695
7.10807991027832
11.919698715209961
5.618210315704346
6.8882598876953125
8.3502197265625
6.327155590057373
7.839240074157715
7.794659614562988
9.424527168273926
7.164785385131836
7.267248153686523
7.399885654449463
9.002039909362793
8.84511947631836
7.7746262550354
5.558688163757324
5.375566482543945
6.685072422027588
5.5933074951171875
6.804983615875244
5.790743350982666
7.488432884216309
6.398061752319336
5.913206577301025
6.772434234619141
5.485037326812744
5.844507217407227
5.161698341369629
7.429230690002441
7.37062406539917
5.937925338745117
6.103686332702637
8.457257270812988
8.40548324584961
6.15419864654541
10.029426574707031
6.603275299072266
7.770609378814697
12.85147762298584
6.364916801452637
5.339197158813477
7.03302526473999
9.210399627685547
6.362854957580566
8.59387493133545
6.601955413818359
5.631757736206055
8.149361610412598
9.712841033935547
5.571261882781982
6.552277088165283
7.170498847961426
8.962191581726074
7.123371124267578
8.712106704711914
7.409818649291992
6.483683109283447
6.373027801513672
6.178252220153809
6.224649429321289
7.444293975830078
7.53386116027832
7.438689231872559
6.086557865142822
7.195411205291748
5.927474021911621
4.864604949951172
8.271673202514648
6.661834239959717
6.220245838165283
6.939508438110352
6.963086128234863
6.443566799163818
7.159351348876953
6.1873979568481445
7.961307048797607
6.324678897857666
5.568080902099609
6.832929611206055
5.20599365234375
6.14459228515625
16.160140991210938
6.024143695831299
6.6951141357421875
10.151710510253906
6.700913429260254
6.8100762367248535
5.984539031982422
6.137735843658447
7.854034423828125
6.90130615234375
8.697200775146484
7.762493133544922
6.298016548156738
5.821254730224609
10.01998519897461
5.113061904907227
9.754210472106934
7.775860786437988
5.535622596740723
5.893237113952637
6.853142738342285
7.178208351135254
6.840123176574707
7.935370922088623
6.550527572631836
5.992417812347412
8.416664123535156
6.760642051696777
7.9232378005981445
5.601825714111328
8.318878173828125
8.869877815246582
7.972609519958496
6.700742721557617
6.842925071716309
7.0442047119140625
6.986941337585449
7.256863117218018
6.286478042602539
6.100488662719727
7.1207733154296875
7.142132759094238
6.691574573516846
5.156851768493652
5.244148254394531
6.418121814727783
5.890356540679932
5.923806190490723
9.333413124084473
8.019716262817383
5.923162460327148
6.154109954833984
7.514684677124023
6.077571392059326
5.943934917449951
6.608792304992676
6.207860469818115
5.022408485412598
10.32685375213623
7.3888444900512695
6.871860027313232
11.922516822814941
11.338296890258789
7.733325481414795
7.227991104125977
6.027273178100586
6.450225830078125
7.165762901306152
6.528800964355469
6.801240921020508
14.48541259765625
11.81977653503418
7.084260940551758
7.118513107299805
6.505550384521484
8.318471908569336
9.880590438842773
10.087972640991211
9.405679702758789
7.6116132736206055
6.436339855194092
6.060393333435059
8.910755157470703
6.294271469116211
7.021171569824219
7.208339214324951
7.492942810058594
5.418553352355957
6.05796480178833
6.799945831298828
8.549568176269531
7.738646030426025
8.474055290222168
5.283923149108887
5.053410530090332
7.552460670471191
5.99409294128418
4.785157203674316
6.069445610046387
7.422830104827881
6.17073392868042
6.4612040519714355
5.382798194885254
7.005091667175293
6.736347675323486
5.772155284881592
6.375050067901611
12.547281265258789
5.272979736328125
7.013240814208984
5.664150238037109
5.0605669021606445
7.17424201965332
6.704626083374023
8.009841918945312
5.480868339538574
5.797345161437988
7.841922760009766
5.918997764587402
5.539361000061035
7.71496057510376
7.3425469398498535
5.945465087890625
5.167729377746582
6.099489688873291
7.003326416015625
5.999327182769775
8.331357955932617
11.053693771362305
8.071858406066895
5.983667373657227
6.347070693969727
5.900147438049316
6.936038494110107
5.282774925231934
5.337549686431885
7.091120719909668
6.661205291748047
6.460471153259277
10.182769775390625
4.517663955688477
6.270129680633545
5.692922592163086
5.850179195404053
6.848262310028076
6.487797260284424
6.190487861633301
5.541516304016113
7.071040153503418
8.017824172973633
6.155753135681152
6.458207607269287
6.4358134269714355
7.281225681304932
5.673378944396973
8.273473739624023
7.451654434204102
8.236157417297363
6.147617340087891
6.1196112632751465
7.824238300323486
11.053627014160156
7.4345221519470215
6.727159023284912
6.377219200134277
8.209437370300293
8.467019081115723
5.23393440246582
5.871593475341797
5.40085506439209
6.255498886108398
6.124266624450684
6.272073745727539
5.658412933349609
6.789195537567139
8.101280212402344
7.222015380859375
7.708184719085693
7.742462158203125
6.674813270568848
7.642190933227539
6.965706825256348
6.535147666931152
6.234066963195801
5.744709491729736
5.324983596801758
6.4842023849487305
6.063656330108643
5.915919303894043
6.478790283203125
6.103921890258789
6.0401105880737305
5.853451251983643
10.872454643249512
5.990902900695801
4.7575483322143555
6.366269111633301
8.315964698791504
5.566673755645752
6.020827293395996
7.412527084350586
7.4059319496154785
6.972326278686523
6.741595268249512
5.128043174743652
5.702983856201172
7.880761623382568
5.652556419372559
6.185609817504883
7.0124030113220215
6.272642135620117
8.555322647094727
6.884206771850586
6.3408308029174805
7.5165605545043945
7.902313232421875
5.675515174865723
5.261747360229492
6.678563594818115
4.405850410461426
5.982509613037109
5.789447784423828
5.8803229331970215
6.707920551300049
6.30229377746582
5.425140380859375
7.69948673248291
6.537290096282959
4.455198287963867
8.003569602966309
4.858147621154785
6.546097755432129
5.230613708496094
5.042147636413574
5.956046104431152
5.9563398361206055
5.846540927886963
4.813318252563477
6.439526557922363
6.001999855041504
6.349037170410156
4.21934175491333
4.486972808837891
6.042788505554199
7.487398147583008
5.6200666427612305
5.145135879516602
7.362249851226807
5.970415115356445
5.996554374694824
5.178819179534912
4.984719276428223
5.242263317108154
4.9681315422058105
6.207038879394531
5.779386043548584
5.36676549911499
6.113685607910156
6.105295181274414
5.474028587341309
5.502536773681641
5.946268081665039
5.684816837310791
6.553957462310791
4.979881286621094
5.428369522094727
6.185034275054932
7.588705062866211
6.560847759246826
5.859535217285156
6.7955756187438965
5.044992923736572
5.438063621520996
4.561643600463867
5.355588912963867
5.370214462280273
6.882226467132568
6.237957954406738
8.127828598022461
6.550049781799316
5.849559783935547
5.4273786544799805
